27
6 4
9 16
15 4
5 7
11 12
8 10
10 8
5 21
19 4
7 3
27 19
24 25
17 8
6 10
8 1
15 17
2 4
15 7
3 27
9 4
25 3
10 14
4 9
5 9
9 17
16 11
3 15
17
2 10
7 3
7 12
6 3
10 15
5 8
11 8
12 5
5 13
13 4
4 16
8 14
15 4
12 7
2 14
6 3
9 15
32
8 26
6 12
16 12
21 23
4 18
31 26
2 17
29 21
2 15
23 9
20 23
31 24
1 19
32 15
28 25
26 2
3 19
32 25
22 15
29 25
6 22
5 6
8 17
30 12
32 10
32 7
15 28
16 12
30 9
10 8
21 22
23 27
25
4 7
7 21
1 4
23 10
20 3
9 4
12 5
9 3
16 11
11 6
18 24
18 3
4 9
13 20
24 4
23 1
20 1
8 4
14 6
14 25
4 7
1 4
12 10
8 3
16 13
34
11 28
34 30
17 5
21 14
31 34
8 25
11 17
33 34
27 21
24 31
18 33
25 33
25 4
9 10
13 24
2 30
10 28
26 21
13 7
7 34
23 20
31 24
16 29
33 5
32 8
20 7
23 4
27 34
19 3
7 33
15 17
9 30
31 5
29 33
5
5 3
3 1
4 1
5 2
4 2
5
2 5
5 1
5 2
2 5
4 1
14
10 4
4 6
9 12
12 10
2 4
1 10
12 14
12 13
13 7
3 11
5 14
2 14
7 12
2 1
33
13 14
11 25
2 28
3 6
11 18
7 17
11 23
21 5
6 13
22 19
18 23
16 6
33 25
4 33
4 5
14 13
9 24
6 10
7 26
11 6
7 20
27 6
15 33
1 32
10 29
2 8
31 16
12 25
1 9
24 3
26 16
31 13
5 31
18
10 14
11 1
8 9
13 3
16 7
5 2
16 9
13 17
2 6
11 5
10 14
11 16
5 10
12 4
2 13
17 5
15 8
16 9
8
7 2
8 3
5 8
7 1
1 6
8 2
2 4
3 4
16
7 15
8 14
16 14
9 15
1 14
9 8
14 3
15 13
6 10
5 16
9 7
15 4
16 5
12 7
13 12
11 15
41
11 3
10 38
31 18
37 35
21 4
33 18
30 27
29 7
11 31
21 9
32 14
4 23
9 6
15 9
38 35
29 11
33 36
6 30
6 23
37 25
5 20
40 21
3 25
30 40
2 15
33 25
37 12
41 27
26 3
16 25
22 41
24 18
16 11
13 15
2 16
35 9
25 10
33 7
2 15
11 15
29 20
37
35 18
32 19
31 7
21 31
32 35
5 24
14 31
36 16
27 12
28 32
22 30
37 22
16 9
32 20
24 8
20 36
5 11
11 17
25 3
2 10
32 36
12 13
5 3
35 23
13 1
12 5
30 20
7 35
12 27
32 15
15 20
26 28
25 36
15 18
13 3
2 11
4 17
22
16 8
11 16
1 9
18 1
18 20
22 9
1 18
7 4
19 20
17 21
20 7
13 22
3 21
6 12
12 4
5 11
11 8
17 2
1 6
2 10
16 15
2 5
30
3 26
14 30
6 30
10 3
9 15
12 29
1 6
20 27
29 28
26 28
8 22
27 23
24 22
4 29
27 13
3 30
10 30
22 29
13 11
19 6
18 1
2 13
27 25
28 13
2 7
2 3
4 13
20 8
24 5
12 17
20
10 7
14 15
9 15
7 19
2 19
13 5
9 18
12 18
10 6
11 13
13 8
5 7
16 11
18 11
3 8
7 10
15 5
4 12
20 17
14 3
31
27 20
3 12
30 31
24 31
31 23
4 18
31 20
25 5
1 18
28 11
26 3
7 15
31 16
19 21
29 31
18 5
1 10
30 4
8 28
3 28
12 13
8 25
15 29
30 11
7 6
18 5
11 9
3 6
23 5
16 31
16 13
15
4 6
4 11
4 1
6 5
1 10
8 14
15 14
9 11
14 3
2 15
7 10
13 5
9 12
1 15
7 3
7
7 5
1 4
6 7
3 7
6 3
3 2
3 2
13
4 3
7 6
7 11
8 6
7 6
1 13
5 8
1 7
12 5
12 6
8 6
10 5
6 10
39
31 3
3 21
22 29
7 18
28 4
37 30
37 39
12 23
18 35
4 31
37 28
36 13
20 1
28 25
30 9
27 25
8 29
21 23
27 25
36 39
15 38
36 30
18 29
39 17
13 33
3 38
3 29
3 18
22 36
25 6
15 27
38 39
23 29
16 12
20 38
32 14
18 26
1 22
13 27
38
21 2
23 10
6 38
5 3
10 13
10 5
3 2
1 22
30 18
18 27
20 23
15 38
3 24
31 17
27 18
3 38
3 26
3 26
11 10
5 1
16 34
28 27
29 22
36 22
37 20
31 20
33 19
22 35
16 15
32 37
17 13
13 7
23 10
25 10
4 29
29 21
36 7
19 33
5
2 4
4 3
1 5
1 3
2 3
48
18 39
19 46
9 44
28 21
43 21
21 20
19 11
40 42
39 19
5 20
43 26
11 9
18 33
46 4
39 35
14 6
25 42
12 24
14 28
28 16
7 8
21 26
3 15
34 20
33 24
40 19
23 3
22 7
39 14
37 12
11 44
43 27
29 18
10 38
25 47
44 13
46 4
28 31
2 38
16 47
32 11
33 2
25 29
43 32
2 34
41 34
23 13
31 23
32
31 29
32 27
5 27
27 2
12 32
29 24
10 18
25 20
20 25
5 1
32 17
25 8
7 22
29 21
20 17
29 7
1 22
6 19
27 24
30 6
1 27
13 21
20 1
14 18
19 5
22 19
16 19
26 30
19 16
28 25
5 12
5 24
34
8 33
27 24
17 7
17 24
9 4
10 22
27 15
15 1
13 30
7 19
27 23
9 29
12 19
9 27
9 23
27 22
22 30
25 28
29 1
3 27
6 5
29 31
5 11
14 21
14 11
15 7
7 4
16 2
7 23
8 25
3 20
34 22
23 21
20 30
29
27 8
11 1
7 18
5 9
11 9
19 16
3 17
21 28
5 11
28 13
7 28
16 23
3 12
19 17
16 29
14 9
8 3
4 16
8 23
22 15
9 25
2 10
7 11
28 27
1 10
11 5
13 2
24 2
15 13
21
4 18
9 18
12 11
11 2
4 20
21 3
10 14
2 1
20 8
4 15
13 1
18 21
15 16
3 20
5 13
20 21
19 1
2 12
12 17
14 9
20 11
11
11 6
11 3
11 4
3 1
9 8
10 4
11 5
5 9
4 3
11 9
1 3
25
3 16
20 18
16 7
15 7
18 12
1 24
3 22
20 25
13 21
22 12
19 20
19 23
4 18
19 17
13 9
10 3
24 25
15 12
24 21
25 22
13 6
11 10
7 15
15 5
23 8
11
2 4
11 4
1 4
11 5
3 8
2 4
5 9
6 9
11 10
5 8
6 4
10
3 8
10 6
7 9
6 9
7 4
8 7
9 6
5 2
5 4
5 1
32
13 7
24 1
14 9
16 6
12 6
4 29
13 31
24 18
4 28
14 12
29 1
10 19
25 16
9 8
8 23
12 7
5 19
15 9
9 28
19 31
26 5
3 28
15 19
32 3
19 14
1 18
1 3
20 3
2 1
31 13
19 3
30 18
32
8 4
6 4
14 16
13 10
27 32
12 13
3 24
17 7
27 1
1 7
1 20
32 24
28 29
6 25
13 19
27 21
31 27
11 19
22 29
24 22
27 26
25 2
15 1
7 3
10 22
19 9
4 9
8 27
18 9
3 21
13 4
30 27
15
8 5
15 13
9 13
9 11
9 15
2 14
11 10
9 12
13 5
15 6
12 1
13 15
7 12
6 11
14 3
35
25 3
14 5
15 12
32 8
28 22
23 34
11 28
26 31
29 23
18 12
20 1
19 7
35 8
4 24
17 23
19 3
7 35
19 17
3 1
33 19
32 9
5 13
24 20
27 20
30 1
18 34
1 25
11 33
17 7
27 24
17 29
4 29
19 34
10 26
11 2
10
9 2
4 7
6 1
9 6
8 9
8 9
6 1
6 3
8 10
6 1
31
23 15
20 25
4 14
26 8
23 29
11 3
1 30
15 20
3 13
18 7
13 29
18 1
27 20
17 24
21 18
9 5
30 11
25 20
28 27
19 5
16 8
29 31
29 19
23 6
6 9
21 20
6 29
26 3
27 17
6 18
28 20
28
22 20
14 12
23 15
21 6
28 15
23 11
1 13
19 25
7 11
1 7
19 27
7 13
20 22
27 12
3 9
3 7
22 2
28 5
6 3
9 12
26 7
1 26
13 14
11 14
11 27
4 16
1 28
5 2
16
14 5
9 14
8 16
11 16
1 7
7 13
5 9
2 9
4 8
11 12
6 14
9 16
16 14
1 2
7 4
13 9
44
11 16
26 25
41 43
10 14
2 31
7 21
33 44
36 29
19 17
5 35
4 36
4 19
12 19
34 18
42 39
6 27
16 30
11 44
16 25
21 31
10 17
19 12
30 17
42 22
37 44
4 3
42 31
39 7
30 3
27 15
5 9
44 42
2 23
17 10
44 32
31 7
7 36
24 33
43 18
10 39
36 14
19 14
32 11
29 23
38
3 19
38 16
5 36
6 1
3 26
1 9
20 27
15 2
22 37
15 37
31 4
31 8
7 37
25 6
1 28
27 18
30 9
16 37
11 27
38 25
31 22
8 12
26 5
6 30
28 7
3 18
35 22
18 14
2 6
3 36
9 37
17 7
8 9
35 25
16 15
6 11
12 16
21 10
21
11 19
19 18
17 20
14 12
4 13
1 5
16 15
17 15
4 8
16 14
1 2
4 10
17 1
7 18
4 10
7 15
8 2
14 9
2 15
14 6
1 6
19
13 6
8 5
15 5
9 14
15 8
11 15
9 17
4 18
4 1
18 9
2 14
14 4
8 15
19 17
13 11
10 6
18 5
2 5
15 8
42
37 7
22 27
29 13
9 29
12 33
16 4
6 10
18 6
10 12
41 11
15 25
36 15
9 39
38 5
22 1
11 3
35 42
25 13
8 4
7 1
37 39
30 36
6 38
2 17
24 11
10 27
41 33
26 9
13 14
26 28
27 29
4 35
32 8
29 9
25 17
12 13
30 5
2 1
26 33
36 41
4 18
9 2
31
23 16
7 4
28 31
17 20
27 12
9 21
8 19
12 15
2 18
25 17
1 29
6 23
4 24
29 20
17 6
28 4
9 4
14 25
30 20
28 14
4 14
26 30
21 11
5 20
24 31
17 30
5 21
30 20
4 31
18 14
30 12
21
4 3
13 4
11 5
14 21
9 6
13 14
9 18
14 1
4 1
18 15
15 8
18 4
1 5
21 10
16 1
3 7
12 21
6 17
17 15
12 19
12 11
48
32 4
16 21
2 20
24 9
40 21
24 25
45 23
29 23
40 3
18 1
38 43
47 39
48 47
16 47
34 31
15 6
1 14
36 2
7 40
22 17
8 28
6 4
29 8
42 10
5 18
45 30
9 10
23 4
20 1
12 39
9 37
27 15
23 43
41 31
19 13
12 47
40 20
11 39
9 38
7 36
35 30
17 12
22 19
36 48
36 11
16 38
40 16
42 5
15
5 6
11 12
11 15
13 8
8 4
10 3
13 6
3 9
3 10
12 9
5 2
6 3
3 12
8 15
14 3
31
29 15
9 19
8 26
19 26
16 15
18 22
31 29
3 2
11 8
25 16
23 8
8 15
26 14
24 1
2 13
12 13
10 16
3 29
17 31
21 13
24 30
13 3
1 2
4 9
20 3
17 29
29 9
26 29
12 13
31 20
10 2
30
8 23
15 23
4 29
18 30
2 22
4 27
30 1
2 4
22 21
17 7
3 24
19 21
1 25
3 12
27 19
12 21
12 2
10 17
21 17
3 19
3 20
7 5
7 16
15 5
23 20
8 30
15 23
9 26
15 1
24 17
10
9 8
1 4
8 1
9 2
6 2
9 10
2 8
6 7
8 5
7 3
7
7 5
3 6
4 7
6 3
4 2
5 4
5 6
7
3 2
1 4
1 7
2 3
7 4
7 3
5 2
38
34 6
35 33
8 23
26 34
30 31
7 33
34 27
19 10
13 7
28 2
36 14
6 16
1 38
11 7
9 11
36 29
34 37
33 21
7 13
4 28
36 15
10 37
25 11
21 14
31 6
7 4
30 11
22 24
17 6
18 17
15 34
3 18
14 27
20 33
31 11
27 8
31 30
6 20
25
19 10
15 11
7 17
14 5
22 4
19 16
25 6
12 25
18 14
23 8
5 18
15 6
8 11
5 22
20 19
13 10
3 10
20 17
16 7
6 11
9 5
11 15
12 14
11 1
7 23
41
24 18
21 3
37 23
33 6
11 24
35 10
8 31
9 10
8 41
4 34
39 6
24 29
37 12
6 24
21 22
41 19
41 35
26 27
23 22
19 39
2 40
8 30
25 18
12 6
21 14
27 12
39 14
14 25
37 17
16 29
8 36
30 3
36 14
27 12
4 7
38 4
33 8
26 14
18 8
12 41
2 24
44
27 2
5 31
24 12
13 36
8 28
1 36
2 4
42 26
41 6
24 6
31 25
5 32
7 33
30 7
19 25
2 42
33 37
21 39
41 43
13 41
19 25
24 28
37 43
34 44
2 35
14 20
19 18
25 43
30 26
14 6
7 22
38 27
1 42
29 36
28 32
31 29
40 9
33 23
22 21
23 13
17 31
43 2
44 23
36 11
7
7 5
5 6
6 2
2 7
1 4
1 3
3 6
9
4 6
3 4
4 8
2 5
4 9
8 1
4 9
2 7
7 4
5
3 2
5 4
2 4
3 5
3 2
10
10 5
8 3
4 2
2 9
7 1
10 9
8 4
6 1
5 7
5 1
22
21 9
14 16
11 5
10 2
16 4
15 8
6 13
16 18
4 10
6 22
12 4
22 16
17 22
22 21
17 9
9 11
1 10
12 4
2 20
1 22
2 15
9 4
43
6 2
3 31
33 5
14 23
2 33
3 21
4 36
30 1
23 5
3 25
15 26
41 36
19 27
3 26
27 22
40 4
2 26
11 14
35 30
19 2
18 41
26 42
18 42
9 35
24 9
19 9
19 39
34 9
25 23
19 22
1 22
16 40
26 30
29 39
25 43
18 25
17 35
8 22
20 40
34 7
1 15
30 24
8 37
34
24 19
20 4
13 15
26 10
34 15
18 11
18 21
17 26
7 33
6 2
30 25
15 16
4 8
1 2
20 32
21 11
1 20
19 7
7 12
21 1
9 29
33 8
18 7
7 14
28 32
21 13
24 14
17 3
10 25
4 5
16 2
20 19
10 22
19 13
31
18 28
1 12
5 2
11 26
25 18
2 9
31 18
20 22
24 21
2 12
2 7
26 14
8 3
25 13
1 29
31 23
12 13
30 28
31 23
6 30
6 23
11 26
28 1
13 9
10 14
30 9
18 20
14 6
13 8
18 29
15 17
14
10 8
9 12
12 13
5 10
8 10
4 7
3 9
7 3
8 7
14 6
1 7
10 8
10 6
10 3
25
12 22
9 8
2 17
14 22
24 21
20 16
13 4
23 6
7 13
21 25
12 22
21 8
3 5
13 19
19 18
20 19
2 9
17 1
8 24
17 24
11 24
24 3
22 10
6 5
15 5
6
6 5
3 4
4 2
6 1
2 4
2 5
43
13 15
8 12
10 25
25 5
33 15
35 11
18 23
35 11
8 32
1 17
20 39
25 2
6 5
38 15
28 4
7 26
24 3
20 40
43 33
28 27
35 41
7 39
25 6
38 4
24 30
24 30
14 4
27 20
38 7
33 3
37 21
6 21
28 41
10 16
14 40
31 14
15 6
1 34
35 11
43 27
35 30
2 4
39 41
6
5 6
6 4
5 1
6 2
4 1
2 4
26
6 12
23 15
14 6
20 18
13 22
20 23
18 1
24 7
3 12
7 9
22 14
20 1
25 15
6 1
18 8
24 17
22 3
22 17
6 22
7 6
14 3
10 7
17 18
3 1
2 12
16 23
28
25 21
8 7
18 9
23 9
6 19
2 1
22 16
23 14
16 22
20 25
17 8
7 17
8 20
27 2
10 7
13 14
2 15
23 7
14 18
21 10
13 3
17 2
19 7
4 2
23 11
3 8
22 8
3 19
39
3 4
34 31
14 20
27 10
4 8
14 2
28 29
5 34
36 7
31 39
30 36
29 35
26 24
34 38
25 20
34 38
3 31
9 4
18 5
25 39
35 22
23 25
10 4
8 28
1 13
3 20
15 19
6 4
28 15
21 33
17 35
10 6
4 26
1 32
24 3
26 14
23 25
2 5
26 25
11
10 4
3 7
5 9
7 3
1 7
5 2
10 1
4 10
7 1
5 9
2 10
50
14 28
7 28
16 48
47 6
21 26
36 32
50 13
7 16
25 42
9 2
31 33
11 21
42 41
34 27
26 28
40 31
5 25
36 37
50 1
1 31
39 14
6 20
39 33
50 23
28 16
42 27
20 4
42 30
13 5
11 14
9 40
4 28
9 13
39 42
15 1
31 22
22 44
12 45
26 12
28 5
43 2
2 16
27 12
29 9
46 41
11 41
14 2
29 41
7 44
41 1
49
38 20
34 14
26 5
37 17
40 48
14 48
32 1
42 3
8 19
23 26
6 26
46 28
34 24
31 37
35 25
15 1
39 1
29 32
3 1
22 1
19 13
9 19
15 24
39 44
48 40
33 34
33 28
39 5
45 46
19 36
37 28
13 4
6 41
26 1
23 24
30 27
10 17
7 49
44 17
4 1
19 46
43 4
13 25
48 46
13 42
17 5
11 36
47 33
17 41
28
5 25
26 25
19 1
12 26
11 7
27 15
19 12
7 26
27 21
21 11
23 5
25 21
18 1
6 21
2 28
5 14
19 4
20 27
21 20
5 8
25 7
4 10
21 2
23 20
6 13
18 22
19 7
13 24
7
5 4
4 7
2 1
6 7
2 1
7 2
5 3
49
13 7
17 13
9 7
38 20
24 4
2 1
26 44
24 2
17 19
19 22
41 4
1 33
1 6
19 6
30 9
49 45
7 12
26 24
32 30
25 36
33 49
17 27
18 7
27 40
19 32
5 42
21 3
26 3
18 23
15 43
11 21
1 28
41 35
17 26
10 13
16 47
8 36
24 41
35 47
48 37
7 20
13 34
44 37
7 49
30 36
16 25
1 9
1 49
37 18
34
32 10
22 5
18 33
21 12
20 28
27 29
26 18
33 9
29 16
33 34
13 7
11 16
5 3
12 22
20 3
20 11
15 5
21 28
10 31
9 28
22 20
1 32
17 29
4 19
31 26
20 6
8 20
14 33
26 13
27 5
28 26
28 1
11 16
13 2
46
19 3
28 26
9 10
8 36
35 36
23 19
29 18
16 14
6 15
5 46
6 13
33 44
14 39
34 44
3 41
24 38
20 11
13 36
39 5
18 44
23 37
32 45
43 46
38 3
4 12
27 2
10 18
14 39
31 38
26 21
13 41
10 35
11 44
21 22
14 4
4 33
27 32
40 14
22 23
46 22
31 30
45 20
40 7
1 38
13 18
14 27
21
6 8
1 16
18 8
6 2
7 13
17 5
3 6
14 18
11 17
21 15
2 3
9 1
9 4
21 19
17 10
10 7
6 4
17 16
1 18
12 1
13 6
46
35 17
31 20
41 24
20 40
32 15
46 42
21 29
27 34
25 7
30 46
14 20
34 37
34 19
15 8
37 42
41 3
29 35
5 44
36 5
19 5
20 38
40 32
22 28
26 34
18 43
30 46
12 39
6 15
25 46
13 3
22 32
46 20
19 24
12 2
9 40
17 37
30 44
32 17
21 3
45 43
27 8
9 33
41 15
33 17
20 9
31 17
805
569 291
41 423
205 368
47 469
804 503
438 265
267 306
335 446
461 756
67 553
309 256
183 679
179 601
476 218
234 209
33 413
762 380
305 35
170 473
522 762
349 62
88 401
521 173
207 473
141 639
542 6
370 450
502 220
260 759
341 577
121 208
651 154
672 402
805 348
714 754
195 71
60 77
526 694
564 421
443 481
282 22
539 805
218 167
762 625
508 745
803 443
181 698
238 273
442 5
433 61
767 714
318 83
430 530
273 469
266 784
526 262
105 444
320 682
721 572
294 189
770 629
142 138
670 736
25 369
536 688
212 586
372 1
181 55
195 63
760 356
372 493
278 776
335 705
218 708
303 336
134 668
209 108
679 100
332 407
181 420
305 794
392 593
623 624
726 509
338 76
743 148
427 286
676 805
551 620
589 168
259 361
138 749
366 596
640 804
79 107
22 103
571 19
338 171
42 296
54 321
105 665
211 596
417 662
31 108
316 581
80 239
789 105
692 705
251 24
605 510
339 118
348 638
749 566
87 28
29 461
472 730
584 341
346 27
86 493
365 771
26 620
313 655
522 53
671 100
331 778
675 79
248 606
376 427
559 2
150 719
734 711
316 213
204 148
775 610
548 787
141 741
258 750
80 183
239 296
394 254
507 164
567 107
158 54
702 686
565 264
33 632
154 796
680 525
255 107
244 370
133 333
663 20
552 471
436 104
427 681
127 33
225 716
644 666
512 556
664 474
461 356
283 118
615 242
100 278
427 594
451 111
790 230
436 475
546 228
29 159
771 556
341 389
618 25
594 675
140 65
667 709
596 546
371 376
111 343
345 327
288 90
179 541
482 210
137 748
509 517
293 422
82 282
768 793
334 362
325 357
323 215
700 570
653 746
636 529
201 441
624 737
323 691
717 78
3 691
410 104
229 417
201 611
157 274
296 359
135 433
66 251
756 357
522 24
497 4
360 446
77 125
253 71
118 66
186 716
295 327
334 566
189 361
463 92
12 195
355 103
460 390
434 351
654 453
122 598
608 560
134 345
748 458
636 701
438 50
296 288
156 683
690 72
130 276
64 619
120 220
611 645
38 64
620 411
703 711
298 517
56 285
495 513
60 717
361 713
99 574
278 746
642 227
355 614
68 514
110 487
537 414
196 201
60 239
674 146
472 644
482 605
318 781
483 679
332 67
311 622
607 419
625 683
21 311
593 770
259 329
415 129
20 700
709 381
243 197
490 164
228 374
226 556
32 175
238 77
587 561
650 188
22 227
628 669
707 251
638 14
609 347
632 542
745 586
636 551
709 284
576 755
329 126
275 506
359 286
219 482
517 124
208 730
434 149
559 647
156 162
761 203
652 707
61 87
92 799
729 745
617 743
412 398
112 220
174 199
200 230
265 455
208 513
182 411
787 662
471 519
158 25
376 193
726 802
491 61
48 505
716 56
27 61
357 634
93 47
500 258
322 690
140 632
194 28
380 569
419 363
773 428
639 301
11 209
284 429
215 502
479 308
95 56
248 134
153 179
362 513
318 606
378 710
397 805
717 454
749 135
292 153
473 728
598 137
418 653
670 631
540 437
56 356
707 379
153 316
40 12
656 468
733 450
97 15
40 515
614 139
392 260
66 593
305 577
492 176
437 100
301 251
292 677
288 702
154 561
669 188
639 201
267 178
216 680
169 207
669 208
158 400
574 111
397 556
457 489
580 307
731 545
532 59
209 39
363 203
115 450
107 446
666 13
804 639
167 804
448 191
390 474
301 378
664 221
267 217
35 367
409 294
563 182
55 701
122 15
7 731
136 739
662 215
14 75
135 290
765 639
67 190
734 112
324 594
185 421
708 801
16 369
608 433
199 618
475 231
254 324
501 363
537 558
558 403
329 503
756 89
31 441
133 14
787 634
184 506
436 692
66 739
284 374
766 122
26 323
231 101
164 570
282 361
792 114
611 295
26 647
166 162
428 684
681 688
768 334
514 92
324 466
422 143
169 65
797 9
299 443
297 126
500 761
646 470
59 420
736 596
790 783
581 78
767 449
566 681
603 443
690 39
447 636
308 509
307 664
704 641
475 622
743 746
652 467
383 341
23 647
106 360
219 48
192 161
116 133
605 702
671 344
546 570
727 17
143 346
558 182
177 685
217 162
24 52
309 259
796 279
49 69
208 322
107 177
733 463
540 179
339 197
439 530
527 632
274 601
260 164
787 513
666 190
306 182
315 428
224 429
596 377
574 312
294 494
430 795
759 345
736 545
263 129
201 213
389 744
441 194
601 2
538 207
636 17
279 522
342 515
481 354
632 759
180 642
661 678
148 161
428 189
469 451
354 3
546 291
651 264
687 201
268 332
269 224
366 348
565 519
162 257
417 75
74 276
310 54
60 345
60 374
53 257
300 427
350 592
175 165
354 664
210 759
680 294
234 686
441 30
528 373
600 726
469 519
229 309
342 472
321 189
634 242
77 131
524 568
183 166
594 442
783 401
70 405
624 620
168 478
798 640
284 450
167 140
741 525
69 773
207 546
478 429
746 573
719 738
404 708
372 594
395 453
463 245
118 747
51 39
739 356
612 370
794 736
798 607
296 256
309 346
778 685
178 76
353 569
445 425
335 137
174 632
337 522
343 305
460 781
109 392
133 654
154 71
566 359
531 429
388 299
758 74
109 619
280 223
61 596
154 113
270 354
356 189
650 100
641 180
217 57
212 207
490 243
78 614
245 538
295 560
571 389
646 328
184 690
281 397
76 672
419 760
344 571
310 195
18 118
74 64
213 227
360 400
802 149
614 445
224 150
37 239
576 182
44 121
80 779
147 771
66 57
215 280
715 3
685 759
290 802
642 193
519 62
90 411
27 222
109 251
111 761
500 238
299 244
151 410
209 547
177 147
548 389
598 386
23 84
347 63
135 608
124 216
798 384
186 82
236 513
264 470
457 475
595 444
321 90
211 525
82 676
446 201
776 355
239 786
286 108
534 710
414 41
119 439
397 169
690 187
678 485
517 306
470 242
391 618
511 388
108 594
90 308
440 43
353 76
741 657
229 632
283 604
492 185
457 572
131 585
800 528
595 72
420 501
183 684
546 421
440 106
350 352
716 29
711 624
515 294
643 337
559 329
163 164
510 682
136 247
494 778
619 483
250 760
552 247
754 233
183 750
554 633
436 140
677 709
538 111
142 91
650 225
697 673
648 591
703 216
401 518
160 483
45 214
273 41
445 179
409 537
529 312
131 66
719 751
84 719
785 525
24 573
661 657
468 226
746 281
313 752
131 544
686 561
698 756
31 328
588 167
542 797
306 614
447 249
555 4
361 5
91 79
658 325
292 460
486 620
94 796
399 458
483 98
404 236
766 299
66 40
773 403
51 765
123 747
670 415
455 214
99 554
529 472
279 633
422 644
439 676
329 709
765 564
38 522
790 132
478 747
66 347
399 625
379 441
325 552
647 284
143 733
202 330
570 446
309 336
391 285
754 779
690 384
486 135
594 712
265 339
657 124
395 655
360 453
647 174
729 344
409 337
228 285
348 378
805 194
743 279
491 514
115 451
560 664
120 543
431 91
363 370
745 110
745 261
762 432
139 649
659 600
453 269
174 775
680 213
453 301
677 211
674 306
224 412
611 470
189 44
732 146
469 696
276 65
284
212 183
147 199
74 216
253 29
168 47
19 120
125 85
177 247
156 230
159 219
96 233
20 185
36 97
222 112
19 34
253 240
273 263
214 233
44 136
244 31
236 9
99 192
218 122
224 30
248 62
164 126
127 277
80 263
102 19
73 242
94 259
209 238
81 184
155 133
229 263
264 31
52 85
213 206
93 116
124 225
229 82
88 108
27 16
135 41
126 177
265 257
43 215
213 176
234 93
141 212
13 104
33 128
191 151
153 137
141 3
93 269
180 144
79 50
23 179
133 213
148 4
194 74
233 265
118 84
17 205
23 278
199 259
19 211
70 77
109 130
195 137
65 226
5 69
284 101
208 106
54 37
145 27
160 164
179 69
162 206
69 135
130 88
45 100
257 85
18 135
131 15
171 183
117 8
255 60
14 71
274 120
279 170
256 51
141 242
121 180
250 149
272 220
38 257
241 48
272 54
14 44
29 222
54 218
216 73
93 146
270 90
128 102
168 129
254 61
197 151
270 14
143 20
39 255
28 13
34 31
33 154
40 164
27 180
147 12
62 36
228 233
21 201
212 59
238 195
213 230
240 204
39 137
18 41
125 169
95 144
181 159
271 74
254 127
250 125
54 52
260 98
183 219
36 256
164 251
221 76
61 143
113 258
114 196
85 66
252 139
73 270
205 66
232 133
228 110
256 100
146 6
231 67
103 147
178 264
121 222
191 70
100 29
280 73
175 130
250 29
86 82
84 244
105 96
104 100
141 164
49 236
180 168
194 33
80 215
179 136
85 178
248 231
224 172
41 79
158 84
272 139
104 171
209 138
77 101
172 117
268 239
171 251
283 222
267 142
277 179
83 132
121 99
125 60
254 260
165 161
65 179
85 113
226 194
97 273
96 279
145 199
46 131
140 240
255 233
207 165
241 155
261 190
272 244
155 115
42 88
130 88
77 58
24 131
208 201
263 58
206 48
10 210
164 20
23 160
69 147
107 277
41 15
232 181
273 196
137 273
9 72
162 46
193 184
15 89
241 4
268 12
84 98
189 127
145 72
248 237
159 240
174 23
174 205
80 235
25 211
243 133
11 246
279 251
194 47
254 41
129 184
44 116
116 208
220 128
219 69
12 76
117 257
282 243
29 195
31 223
95 31
1 87
59 120
71 250
240 208
212 205
88 144
66 113
284 60
141 155
43 109
36 198
253 155
68 249
135 33
157 186
117 248
45 71
9 240
284 254
177 259
114 110
174 71
209 16
111 142
212 61
188 254
271 101
166 178
21 147
255 127
194 159
167 15
167 120
929
706 191
422 397
228 429
530 929
734 155
744 354
880 74
817 823
90 223
602 412
929 817
82 126
113 601
299 804
636 318
514 71
108 384
815 19
367 401
60 800
605 592
394 551
666 661
15 352
211 141
410 372
405 883
390 725
256 638
888 81
224 915
173 63
553 863
226 865
524 741
325 582
262 847
557 101
86 637
410 825
837 46
679 544
540 561
806 344
598 351
234 31
170 732
145 177
67 714
788 535
598 327
461 263
290 816
493 6
276 62
391 732
404 356
75 596
375 92
188 845
394 471
723 883
170 462
200 923
644 820
468 903
454 639
537 142
102 68
40 643
658 823
372 795
81 260
110 869
560 263
921 40
802 912
881 600
12 297
452 219
900 484
283 723
280 65
201 190
50 664
323 674
164 257
134 487
476 372
95 912
792 52
194 311
738 271
30 759
299 162
118 437
504 26
583 871
528 92
575 786
922 51
231 736
233 57
848 336
185 569
381 552
704 189
270 297
896 89
847 125
622 753
292 124
407 293
795 335
750 684
378 365
637 686
310 556
760 258
346 445
833 215
632 553
94 839
702 64
449 180
122 503
377 66
582 151
403 869
25 668
910 101
232 27
306 402
719 418
853 334
733 374
851 290
399 187
754 257
882 854
438 521
151 838
73 314
810 211
719 647
355 649
110 144
741 176
346 501
332 551
173 242
285 545
628 303
394 294
510 152
465 455
916 88
745 798
313 536
602 840
797 435
477 30
224 610
607 567
516 192
884 116
734 106
220 664
182 26
543 155
428 882
249 701
163 711
865 179
481 495
99 231
118 379
624 886
867 311
14 77
510 184
1 635
45 221
284 468
205 224
375 770
140 154
117 836
814 27
762 636
252 650
763 498
299 896
497 851
45 352
660 445
307 598
812 390
40 285
269 743
390 71
113 232
197 100
700 471
494 203
76 674
144 290
456 562
307 122
893 93
567 713
108 41
422 734
556 218
915 219
462 208
678 541
55 813
320 546
536 603
389 251
824 705
747 646
259 485
222 162
713 919
737 576
212 510
395 924
182 411
786 249
855 586
673 843
13 830
378 214
361 555
233 83
490 501
24 779
520 165
885 245
903 925
238 699
463 886
726 110
228 312
76 299
222 80
844 750
725 487
523 187
641 214
650 722
653 471
677 809
362 344
108 738
625 241
765 922
870 153
82 847
20 406
731 210
916 492
400 488
808 91
608 630
144 378
478 632
148 509
325 680
470 175
710 615
909 325
101 866
386 575
716 584
697 349
542 10
469 188
847 530
684 215
132 717
787 664
501 246
412 261
541 81
606 333
414 149
193 460
816 108
750 186
240 568
413 391
852 691
206 689
303 287
894 844
341 629
17 335
361 676
328 62
399 230
730 843
426 536
26 794
173 423
162 720
445 774
746 837
88 355
903 42
495 803
406 35
233 346
585 214
230 889
640 911
745 837
98 561
913 496
470 202
644 100
860 498
509 742
30 46
317 721
281 856
171 156
245 538
442 74
202 417
598 400
523 36
840 638
360 885
823 803
493 16
724 25
682 623
459 635
126 303
244 176
685 673
349 316
841 837
734 175
209 116
67 297
385 156
921 209
154 103
429 271
598 740
5 210
247 203
657 196
643 699
580 450
92 915
425 176
270 778
904 39
30 821
130 198
486 107
726 123
757 859
917 113
682 183
602 40
497 373
335 474
100 402
110 387
61 836
863 376
130 221
504 326
800 360
871 560
596 31
775 192
461 448
577 265
872 36
254 106
261 664
857 762
507 641
355 823
75 533
206 585
31 297
55 325
519 212
629 774
208 927
764 322
194 677
160 881
155 814
927 683
359 255
909 686
328 414
822 588
149 650
212 537
603 484
902 219
295 182
380 365
225 660
894 282
756 869
120 527
746 565
290 389
302 97
556 21
298 807
576 473
167 821
423 179
423 24
711 679
200 609
662 423
601 927
546 688
234 853
285 675
432 630
128 303
502 242
765 424
573 96
337 670
365 899
636 162
774 616
916 306
414 41
172 532
482 615
538 2
761 122
715 401
25 89
704 367
639 525
795 751
740 21
786 609
568 651
557 631
635 917
842 732
245 43
65 697
923 843
168 67
811 802
296 725
740 416
352 654
516 256
895 244
787 293
234 246
347 582
129 326
101 541
721 563
119 659
656 117
904 92
120 236
815 40
525 204
216 252
232 510
729 528
21 427
210 901
354 832
418 5
334 481
441 864
781 130
765 132
280 806
63 456
344 181
128 195
687 747
628 558
468 918
243 534
129 669
660 80
516 642
340 895
741 77
784 178
495 65
679 292
817 838
871 42
886 16
703 598
708 834
354 2
699 830
173 201
570 85
877 329
843 658
13 94
389 138
41 911
109 188
243 506
20 292
410 375
381 466
378 523
795 410
564 798
589 159
194 727
660 579
641 410
634 758
908 634
388 612
881 681
408 632
339 805
211 461
671 704
401 465
439 880
153 222
141 674
179 903
641 834
47 31
468 261
302 588
393 602
117 170
364 763
912 170
180 622
594 242
915 650
463 429
137 697
688 15
880 204
844 575
232 253
414 531
568 339
532 350
488 799
607 849
136 600
392 583
349 180
636 552
352 680
302 332
427 875
89 742
12 30
184 889
187 265
353 587
331 472
51 332
867 590
256 59
628 872
888 125
268 554
465 183
864 375
363 920
7 497
136 531
125 660
532 435
760 162
37 126
559 546
723 906
651 168
857 826
910 633
287 671
730 367
828 923
796 459
340 735
546 96
123 366
919 746
281 126
262 536
321 691
129 907
261 362
749 776
64 569
727 451
918 520
900 4
335 766
598 899
819 46
413 1
907 712
540 117
661 622
69 560
209 657
363 734
720 778
528 344
137 745
339 463
289 94
656 814
557 137
713 709
354 406
648 133
368 746
59 910
310 586
176 602
766 103
610 801
760 471
751 637
74 409
69 808
151 187
232 31
853 505
784 172
874 315
237 614
318 99
793 653
66 42
716 461
322 193
214 46
299 522
858 643
137 839
239 477
601 653
414 190
899 617
857 775
547 407
12 620
113 272
270 514
549 353
603 703
487 518
424 426
407 65
220 675
678 106
156 524
167 769
868 189
109 900
797 210
229 729
758 798
270 29
549 227
292 285
441 664
736 183
709 166
756 595
237 243
111 706
717 575
815 352
758 300
634 177
544 488
649 706
62 650
651 620
266 474
74 700
491 791
326 752
140 213
673 593
900 307
725 714
93 166
843 454
422 572
685 388
463 589
299 783
765 389
135 284
659 836
832 669
829 7
432 423
401 276
652 381
891 150
314 353
780 697
806 631
158 288
622 904
285 46
384 310
171 446
734 557
455 902
443 728
783 167
837 815
538 32
754 106
419 191
552 384
104 808
228 158
473 47
750 536
619 243
568 170
430 26
486 668
43 755
839 24
538 177
382 515
504 33
753 593
840 541
339 610
95 681
111 294
783 590
921 138
549 611
272 261
777 498
438 464
541 578
891 782
432 767
234 40
839 530
858 716
868 716
531 233
116 327
281 472
747 864
607 259
54 449
257 511
918 39
601 228
691 357
182 698
894 531
486 292
846 222
906 745
911 465
781 437
850 225
565 552
700 153
57 391
453 436
504 258
334 465
547 585
135 51
496 667
555 645
879 21
264 358
107 12
333 256
384 263
396 462
862 864
776 852
889 914
929 904
328 342
771 223
854 210
123 110
335 650
515 109
472 374
231 442
833 449
468 648
586 525
227 39
121 594
577 229
833 768
803 904
45 241
451 666
136 229
83 851
661 107
460 619
350 568
103 481
424 650
816 619
48 677
669 350
521 538
699 927
717 764
105 788
91 97
377 612
922 727
915 427
244 593
474 459
178 523
527 350
509 659
412 599
655 929
794 97
156 57
630 880
178 756
307 515
462 267
565 923
846 545
493 798
636 205
457 238
708 574
83 302
49 804
772 704
33 713
353 532
160 438
699 142
332 768
470 766
338 43
600 665
744 356
851 50
458 218
697 769
461 407
661 541
812 525
363 646
291 22
801 186
42 611
248 149
40 600
898 784
377 493
774 585
820 630
220 615
811 524
899 189
234 236
225 230
420 856
481 678
926 286
909 112
920 807
506 845
324 193
615 901
588 93
139 126
621 558
832 699
710 786
29 158
225 108
842 492
356 164
20 590
152 796
875 59
793 577
66 216
624 314
477 603
721 30
157 770
333 322
550
298 96
271 518
98 249
443 413
409 439
244 472
51 345
126 133
500 383
494 497
212 279
441 68
464 167
482 530
181 74
334 357
316 523
414 338
147 369
436 357
522 145
437 165
428 382
286 103
27 338
407 50
368 136
432 109
129 256
28 432
450 200
289 172
4 37
32 454
315 283
111 436
268 359
85 423
295 132
305 288
50 226
444 428
161 547
158 269
149 83
107 78
374 72
217 147
204 9
235 428
13 486
180 15
315 34
520 321
128 187
76 326
54 52
447 390
174 401
484 344
397 495
309 71
77 444
427 214
308 279
225 67
399 501
247 431
211 122
300 69
74 35
233 324
151 209
356 365
313 206
170 62
1 430
42 476
442 234
270 264
236 242
226 100
118 445
371 87
322 71
205 320
216 456
98 253
9 401
404 474
199 447
545 250
397 133
209 412
326 231
508 114
38 457
12 191
497 79
4 208
41 330
142 109
72 66
42 316
480 528
187 493
498 335
119 368
406 91
117 302
331 454
466 161
199 241
278 33
189 198
202 215
354 4
101 404
529 116
224 280
232 107
525 188
304 475
468 78
21 545
545 150
217 7
263 57
89 375
41 203
430 492
415 73
59 237
282 373
134 172
360 433
204 490
325 39
313 153
471 44
472 477
319 364
510 21
208 450
206 19
236 213
187 371
268 239
145 474
411 271
326 13
187 391
97 200
424 193
477 62
300 226
83 47
441 540
120 73
176 439
193 473
155 248
149 185
97 412
242 499
293 491
486 30
107 507
419 148
243 106
9 264
472 388
11 269
148 220
185 321
396 444
104 381
523 456
134 198
195 75
419 62
294 87
39 154
138 487
203 399
77 95
246 512
192 438
366 92
388 233
127 16
532 519
362 325
107 385
239 390
518 301
417 135
268 303
324 172
174 162
481 321
155 102
488 257
482 51
463 441
306 116
209 255
129 388
30 215
137 310
531 52
209 524
103 235
390 158
461 413
384 55
333 30
222 407
175 130
95 270
64 349
531 154
500 66
482 25
355 389
84 114
230 15
353 550
390 77
175 301
113 8
525 469
66 234
537 212
283 245
305 539
278 396
240 174
269 108
256 1
353 270
320 234
177 276
516 531
516 24
415 154
4 333
433 386
363 209
389 258
452 336
268 7
174 186
36 88
436 542
534 234
375 540
83 182
253 375
102 175
159 12
230 491
541 343
387 129
323 398
169 61
76 456
106 32
27 208
17 284
310 372
119 186
344 142
548 197
30 442
194 74
90 418
251 41
37 149
420 483
164 198
35 206
190 327
239 194
73 309
406 157
300 137
513 249
263 493
363 381
66 33
265 346
537 318
262 458
93 117
412 533
302 142
307 165
26 142
67 137
159 308
207 84
411 499
413 434
497 191
21 56
150 18
499 272
450 297
163 320
406 324
101 141
278 140
101 401
295 550
301 134
309 479
7 351
476 280
485 531
208 133
461 468
283 429
219 133
114 344
196 248
146 542
320 444
204 402
267 250
101 109
271 452
300 326
135 269
526 414
348 315
250 528
272 233
70 154
365 9
212 94
515 450
426 197
356 531
119 117
161 537
318 330
340 519
545 334
164 85
93 372
23 256
242 122
81 166
282 194
236 514
200 139
433 337
265 497
156 126
85 414
206 154
504 144
244 447
463 6
481 100
159 325
240 181
161 388
430 201
434 37
225 163
280 161
149 291
380 317
341 367
134 84
443 268
308 461
317 75
546 539
503 118
406 479
542 464
381 448
347 293
222 502
436 540
544 341
359 267
294 37
523 197
479 539
78 420
28 160
33 48
181 247
86 252
410 12
117 513
336 374
160 62
281 105
133 387
428 550
322 316
296 68
351 99
484 248
550 447
465 243
345 358
550 95
379 517
59 96
550 87
8 105
346 477
487 504
238 535
258 392
462 210
79 22
237 113
191 486
450 7
183 423
112 299
131 128
345 494
374 198
104 136
157 509
297 540
528 40
259 372
93 474
440 393
456 213
31 307
111 99
241 184
349 13
416 107
537 233
187 48
86 15
192 36
536 216
512 186
84 170
102 254
353 521
531 187
201 355
280 366
255 345
143 544
30 338
537 5
270 142
271 88
88 132
185 291
281 318
547 512
47 190
395 292
208 399
37 326
416 485
16 69
267 71
216 85
101 502
414 345
306 277
497 261
538 391
194 278
408 73
378 3
227 430
65 194
52 76
409 68
64 414
264 209
283 381
93 163
370 350
414 96
523 23
267 109
92 252
336 50
395 315
505 19
223 344
235 316
479 237
463 225
167 550
306 268
452 372
155 312
446 429
249 457
224 23
34 356
106 466
194 448
420 80
426 439
162 43
45 354
485 487
440 79
350 516
35 1
436 435
152 183
306 448
481 300
510 192
198 246
408 25
405 11
332 355
485 376
87 39
469 217
218 503
29 182
484 465
426 218
322 44
116 26
263 302
480 106
418 361
21 92
227 119
53 269
149 200
9 130
93 26
538 545
1 358
512 435
427
332 411
215 104
184 86
342 81
185 61
214 153
22 131
55 166
2 216
331 389
413 204
201 327
180 365
255 205
370 180
117 409
260 324
331 59
381 417
231 409
311 88
244 390
263 295
422 327
36 421
411 156
264 81
177 211
416 354
278 387
3 197
13 94
424 373
176 115
122 400
395 155
359 325
199 84
93 418
3 293
414 67
7 66
40 219
330 131
92 67
83 110
286 46
297 211
302 124
277 242
249 141
356 151
386 346
67 186
26 145
61 97
270 181
205 274
305 257
12 396
55 415
64 298
130 99
54 102
151 427
45 288
11 180
11 157
3 308
7 99
92 111
254 280
98 277
404 89
54 152
136 115
345 36
70 56
212 270
324 236
102 271
317 187
162 423
94 189
149 161
31 110
397 268
112 92
107 312
346 6
368 347
305 241
395 284
348 220
410 411
217 33
175 253
42 203
134 402
28 362
33 19
195 280
192 92
65 215
281 96
147 327
364 230
342 65
19 361
321 133
10 244
285 220
232 218
422 235
211 419
245 32
86 197
231 384
183 24
78 140
183 147
267 123
165 394
101 306
209 396
31 40
411 395
205 424
94 417
318 370
408 31
38 383
18 65
207 214
209 342
10 227
158 85
135 371
97 78
215 115
258 218
169 368
64 41
305 346
366 316
364 331
17 8
309 342
186 66
423 72
109 121
376 88
399 208
47 414
123 289
397 250
404 287
252 419
168 293
22 387
114 369
138 257
409 319
160 414
369 345
424 151
218 117
182 380
61 87
176 336
7 323
108 313
338 248
44 180
275 426
207 388
26 426
72 20
70 214
64 74
73 390
356 81
202 386
354 212
58 401
137 31
71 74
176 218
62 339
314 354
31 63
189 36
403 185
274 308
416 129
309 256
150 359
268 25
28 196
285 205
46 81
157 177
59 141
289 275
296 253
213 184
354 190
62 251
342 184
370 157
141 425
292 332
349 102
211 325
126 280
326 269
424 113
347 37
39 75
401 244
225 101
423 75
296 19
349 133
347 346
347 290
381 239
123 28
164 310
85 324
184 3
18 371
300 348
294 60
106 340
150 292
418 280
50 8
260 21
287 135
80 125
273 410
177 131
179 301
162 400
198 102
354 12
416 225
305 272
301 425
55 43
285 42
135 200
68 15
342 5
187 44
155 201
175 72
423 174
304 287
183 292
196 145
4 268
407 354
91 297
346 129
290 340
301 228
313 131
164 3
291 385
175 391
305 344
86 36
84 129
409 411
380 177
202 364
178 72
138 31
312 49
51 367
85 282
326 347
126 278
413 23
89 66
15 245
140 110
30 194
405 79
317 363
166 96
171 43
387 180
347 230
380 272
7 427
178 214
19 402
175 22
138 277
147 261
107 149
359 30
31 61
284 290
343 130
209 321
98 264
20 328
158 185
309 328
226 248
282 427
286 166
250 114
285 267
166 231
419 60
175 236
239 170
320 3
91 239
307 414
108 125
42 117
38 122
360 269
270 160
58 158
251 211
141 324
120 389
330 11
345 241
195 132
174 10
336 167
232 123
137 5
21 374
170 98
288 170
344 377
87 377
354 228
325 393
103 413
264 309
162 296
3 233
250 221
125 60
82 79
292 404
368 49
82 101
400 263
279 395
152 22
46 320
307 417
298 348
230 144
235 157
291 29
286 93
314 52
170 337
138 307
243 172
72 93
141 339
41 147
323 391
166 10
178 361
162 221
358 36
157 114
251 404
32 60
370 290
51 242
249 341
117 338
16 317
156 81
171 397
413 327
281 381
107 85
234 284
286 210
421 368
273 138
276 248
152 427
94 170
238 31
45 250
81 389
332 45
362 163
125 49
362 20
236 113
179 276
213 377
151 402
400 147
321 114
58 91
150 97
52 359
354 353
312 134
360 410
398 75
11 300
31 292
119 146
55 199
183 57
409 69
262 43
409
325 150
23 204
202 52
33 329
391 121
3 324
178 247
281 33
331 124
352 254
186 92
70 181
128 267
218 159
224 49
192 13
252 167
183 227
187 126
272 193
49 251
63 206
162 54
80 275
28 2
342 53
200 36
6 223
195 27
12 310
321 177
1 382
312 106
308 191
47 151
81 295
126 124
91 295
72 10
42 214
137 92
400 370
148 406
302 105
355 281
135 150
208 205
254 24
132 196
136 17
123 213
20 287
382 360
360 205
367 350
325 200
265 192
294 336
262 164
368 30
218 301
107 197
309 243
183 233
405 224
409 350
107 274
294 99
350 40
161 117
274 348
298 240
265 109
237 404
84 121
235 211
310 391
297 232
165 64
369 237
248 210
162 47
313 391
376 35
383 369
400 47
69 324
198 329
263 200
103 146
10 103
156 384
58 194
276 155
343 204
202 130
47 323
382 380
292 280
192 392
308 382
336 296
76 59
281 332
175 60
280 86
184 288
349 136
194 277
351 165
173 387
360 258
253 262
5 78
160 4
167 394
69 98
187 154
32 301
227 179
12 28
121 213
78 342
206 366
167 227
312 108
161 244
317 230
287 217
348 392
311 363
342 18
124 311
104 321
350 288
159 306
253 102
405 108
140 41
250 48
306 234
351 268
377 29
102 169
254 91
172 101
45 69
106 275
56 368
70 75
98 182
350 3
145 200
81 374
159 169
395 58
198 119
177 82
188 117
407 351
409 33
182 365
219 157
196 405
61 31
107 22
138 81
114 115
37 325
42 233
401 51
184 298
107 282
69 100
274 404
88 76
235 404
341 158
306 35
88 172
237 7
186 330
67 34
221 128
280 254
7 227
79 343
232 368
245 97
328 406
88 46
40 373
171 381
400 144
273 9
82 302
353 256
319 395
212 120
393 209
176 23
258 142
237 409
265 62
173 196
81 213
192 173
244 293
288 408
324 138
359 18
247 226
63 292
108 155
36 399
103 277
392 164
120 234
359 152
397 103
187 392
395 397
329 361
132 126
69 20
178 346
296 185
8 224
152 180
261 281
49 367
329 248
359 231
323 40
294 119
197 3
86 312
82 72
179 289
403 179
233 69
363 221
290 226
65 192
152 331
351 71
218 197
212 156
51 66
178 408
285 29
86 57
334 188
33 382
388 354
78 46
405 214
104 367
260 322
297 148
257 25
74 138
193 7
405 207
119 233
168 295
55 17
345 289
101 35
368 292
77 201
350 406
363 60
270 165
177 258
386 164
49 200
202 157
247 57
218 162
240 275
252 98
389 25
103 208
87 124
265 175
321 346
387 301
378 359
180 237
369 359
314 3
152 8
396 403
336 91
314 356
71 235
277 70
6 22
382 349
320 3
339 404
283 328
401 108
70 369
277 318
41 180
34 69
68 153
201 404
142 239
232 155
299 153
341 197
190 328
347 388
156 288
35 189
155 250
311 327
313 101
45 364
375 373
261 283
50 260
7 121
329 128
204 388
324 293
237 116
86 275
1 236
288 141
121 18
129 94
375 352
184 248
74 223
37 170
385 233
274 16
224 137
242 35
326 202
17 203
44 82
306 7
38 59
354 188
389 210
113 132
373 37
93 245
107 33
193 332
247 6
196 246
388 355
173 343
55 193
309 38
86 108
33 257
77 132
253 120
248 254
290 355
102 322
341 240
235 173
224 95
137 23
120 100
308 388
88 113
90 352
58 48
236 193
80 159
75 173
281 388
48 223
354 356
129 180
175 45
213 231
116 34
204 340
166 182
140 138
276 46
216 141
102 196
353 86
302 246
395 62
9 337
41 254
122 44
189 110
209 134
71 294
121 28
66 358
269 50
59 23
59 136
193 147
379 349
832
137 526
448 754
452 690
653 312
298 561
68 63
20 76
680 288
688 802
325 414
365 150
805 246
611 543
323 242
600 520
237 79
116 797
661 598
781 66
166 494
219 349
681 55
672 580
375 11
66 733
210 333
477 3
409 268
410 211
521 39
552 703
80 363
632 251
426 597
653 179
516 147
623 164
71 385
175 545
409 325
294 681
811 99
248 590
406 674
275 80
778 581
155 247
825 227
316 777
324 328
822 179
764 283
649 795
229 470
187 52
618 726
663 45
606 808
57 180
551 120
466 187
452 127
560 248
65 784
527 459
640 653
691 385
372 264
627 535
740 13
609 178
532 295
40 599
634 221
706 450
615 184
66 130
587 451
449 50
142 94
265 419
327 32
316 829
211 36
190 469
470 329
823 495
710 403
102 325
347 282
459 544
610 152
76 436
542 507
3 255
673 777
17 54
426 764
572 605
635 771
127 6
166 416
2 782
446 736
591 754
214 21
344 482
599 260
440 444
51 429
297 218
66 248
772 82
35 260
700 364
596 628
325 70
129 441
229 280
141 787
826 680
40 656
75 339
781 822
393 350
228 265
225 764
700 636
407 652
586 627
826 27
802 620
483 323
239 231
157 589
572 643
400 438
668 501
377 806
764 234
393 769
146 7
270 610
823 170
471 740
144 136
773 94
67 216
483 116
201 81
807 764
58 723
714 177
175 745
500 176
588 118
69 269
144 503
98 502
76 140
479 127
756 31
172 771
723 124
289 246
320 129
400 596
321 347
756 526
559 468
144 598
782 468
423 289
267 634
276 241
358 276
283 622
550 793
78 580
473 176
797 671
549 226
801 208
249 101
167 508
516 3
228 465
42 490
552 573
439 823
687 312
135 240
137 565
605 154
56 443
202 532
701 20
114 94
319 418
670 492
130 660
525 11
324 200
615 719
693 691
575 12
710 585
12 712
740 202
48 62
10 160
202 643
350 641
197 211
475 713
237 629
355 28
468 572
167 550
602 636
463 664
520 162
381 508
274 265
493 237
669 648
736 340
673 125
399 167
450 650
265 403
311 826
258 557
673 709
393 236
190 253
781 536
406 663
320 322
558 405
815 26
73 112
799 467
138 53
649 220
350 542
305 262
650 194
711 120
356 290
191 442
341 729
342 525
743 263
300 170
50 426
494 182
553 67
305 368
251 544
48 10
255 237
720 507
560 390
223 260
309 19
38 160
40 615
275 446
230 422
319 497
248 246
169 330
730 520
587 95
344 531
457 702
693 654
728 324
719 544
766 177
745 230
328 115
769 311
703 103
16 480
716 646
569 85
681 346
535 13
464 347
671 285
779 468
39 444
147 18
238 483
508 739
443 614
606 791
50 324
819 362
118 488
117 543
19 651
168 423
650 800
30 601
789 526
409 186
187 232
679 690
387 385
107 304
558 100
558 159
405 656
383 378
545 159
186 540
774 769
762 491
343 108
577 210
682 292
337 822
431 685
578 537
162 631
522 4
181 815
99 464
105 229
238 159
400 701
303 198
308 228
474 288
220 780
178 645
2 575
103 586
247 575
433 660
38 583
308 801
347 115
241 441
629 656
293 54
778 675
249 661
659 569
559 125
519 758
317 330
627 753
567 351
675 110
546 296
546 369
355 243
831 15
770 700
29 426
717 786
368 633
130 400
520 101
401 503
503 149
136 81
160 199
235 431
271 779
674 500
576 404
314 58
525 499
374 472
610 248
741 236
278 786
482 760
633 787
819 489
633 123
320 798
606 715
112 283
545 782
583 455
408 152
465 709
628 475
650 526
587 417
328 73
783 260
764 405
92 232
95 200
542 408
225 429
235 642
707 591
208 710
573 604
695 579
194 825
541 400
503 469
713 202
519 304
624 575
797 106
482 558
789 332
239 170
448 799
246 53
767 272
403 741
46 37
660 356
382 23
381 341
31 124
105 450
10 38
270 46
657 327
434 128
171 678
181 568
219 450
206 93
80 660
545 696
378 745
105 78
515 521
98 808
162 41
347 150
822 423
136 282
308 504
406 516
253 79
628 285
104 265
617 217
156 346
263 794
762 672
628 711
239 500
514 82
277 368
124 654
281 749
322 387
221 738
48 594
423 826
447 727
156 206
362 711
590 361
485 167
389 725
576 53
70 693
721 764
230 294
562 813
86 239
191 675
132 176
514 428
831 203
112 434
416 44
365 254
504 223
428 482
95 527
163 744
667 488
166 594
594 483
107 553
555 168
676 28
388 65
218 422
63 107
821 299
446 635
430 704
118 141
481 117
822 463
481 760
82 472
157 564
413 354
477 685
476 502
756 70
171 408
399 82
166 594
651 444
432 175
479 518
415 189
327 186
403 497
531 523
529 31
173 771
502 804
266 801
209 278
791 660
280 742
477 522
612 159
182 111
463 86
595 139
5 331
585 211
725 552
758 312
275 664
684 517
88 47
201 126
409 410
335 735
297 55
741 480
435 51
678 657
626 659
378 417
349 571
541 804
229 541
52 378
327 51
647 167
416 300
423 140
552 118
100 251
742 160
760 795
673 242
452 442
595 484
172 799
642 823
689 255
682 33
207 158
540 71
105 120
725 285
188 566
600 493
295 436
339 396
529 271
397 699
210 775
263 98
370 181
522 577
557 251
161 602
19 322
234 350
47 713
469 497
534 796
6 794
431 637
663 613
270 250
417 809
808 405
448 539
427 165
688 564
190 176
575 550
215 534
146 238
312 256
610 85
230 505
681 719
155 321
453 659
21 653
199 89
247 229
612 745
305 711
395 677
474 143
824 680
192 398
369 118
648 54
685 462
262 652
457 186
233 322
354 569
761 370
714 13
456 585
813 644
759 674
614 756
313 683
370 294
615 189
215 193
275 28
749 731
317 340
747 108
443 416
250 767
620 545
108 702
270 55
490 717
194 27
84 165
74 712
46 180
184 358
21 492
346 559
256 372
110 798
648 535
267 686
756 353
709 342
391 86
477 486
617 823
208 319
817 266
178 237
697 808
98 338
95 73
584 308
55 753
250 478
15 23
478 508
713 653
43 547
609 55
742 119
804 387
136 661
657 745
204 579
644 740
196 614
829 747
655 489
282 264
131 713
682 613
212 387
747 621
594 236
427 14
593 815
707 389
167 572
389 500
116 439
489 94
167 258
385 431
36 387
100 832
498 10
54 423
50 14
308 721
678 456
731 136
161 831
366 7
370 579
453 624
284 422
102 197
709 723
211 329
623 142
266 39
477 331
690 169
375 68
49 402
807 815
113 651
550 794
297 289
621 177
250 497
774 779
607 332
685 584
80 576
680 516
450 319
90 77
519 218
432 760
454 738
383 701
57 489
457 200
553 514
184 710
146 71
213 617
727 282
708 603
483 348
680 506
713 538
587 263
673 389
686 116
549 457
814 21
815 94
673 694
320 130
527 64
278 693
439 303
539 469
183 593
26 450
708 321
324 684
789 673
808 366
398 133
495 12
110 686
319 442
360 495
15 664
767 615
17 539
426 608
536 211
277 578
129 299
94 676
732 320
557 44
26 686
783 662
640 564
51 735
199 123
285 122
661 746
329 282
492 540
645 545
277 737
224 51
177 816
747 633
180 202
490 3
651 224
592 27
262 320
112 299
185 23
755 452
197 283
278 734
161 326
736 360
226 539
235 768
765 372
242 402
105 355
414 13
229 796
392 724
357 229
44 800
575 253
781 757
148 185
34 280
422 485
120 794
655 800
707 27
223 290
242 318
112 90
534 563
227 54
61 69
479 480
566 467
501
134 360
147 153
407 276
124 310
425 446
230 91
32 401
59 250
198 174
406 163
412 119
21 18
375 285
224 191
27 231
441 261
284 346
297 221
295 458
344 368
79 203
361 466
58 244
216 34
216 65
412 95
415 103
389 380
339 326
319 350
189 28
458 3
326 449
249 213
477 422
202 38
363 53
360 403
365 449
63 443
309 395
291 164
122 2
184 309
188 38
162 14
351 479
138 428
358 457
126 17
241 105
237 445
124 374
201 245
12 168
21 397
271 403
313 47
254 415
22 113
309 16
378 309
75 93
450 336
255 52
29 392
182 257
500 487
375 19
374 114
354 238
139 371
23 406
114 143
132 390
462 464
157 397
336 109
1 196
95 198
260 332
395 246
67 380
30 383
206 284
239 164
486 442
115 119
172 381
471 410
431 251
358 496
306 309
129 365
329 420
279 338
65 378
91 2
191 266
279 8
326 368
171 493
208 296
185 162
286 296
416 399
133 87
294 177
202 356
425 109
394 90
270 428
161 258
130 2
371 114
386 497
385 275
440 75
439 476
80 76
134 423
259 447
51 459
316 101
117 192
395 332
50 73
415 28
74 484
280 488
147 256
28 171
223 120
381 11
367 243
175 212
142 48
428 218
178 257
211 63
183 173
131 24
476 113
166 117
275 302
193 54
250 396
378 253
172 250
168 481
236 268
46 452
384 448
475 13
250 433
415 111
244 282
134 87
291 496
22 485
125 385
453 382
329 176
11 200
415 483
388 329
40 501
127 254
119 128
36 72
411 445
352 151
396 26
235 207
40 415
488 91
276 123
358 52
282 344
93 100
392 245
301 45
110 88
487 316
481 203
420 345
318 272
193 288
369 40
130 206
90 385
412 465
102 246
1 424
493 434
353 424
2 481
494 6
315 212
104 292
431 156
167 384
291 21
41 24
396 170
192 212
37 139
326 38
469 56
238 429
345 401
173 176
104 149
386 165
68 220
344 147
105 414
268 15
491 253
92 146
47 383
339 460
123 172
225 40
196 165
303 66
101 211
186 427
357 62
86 446
205 115
3 55
209 43
440 83
467 446
353 79
174 183
348 328
404 40
262 285
48 59
435 443
264 498
372 290
79 428
453 491
46 159
106 219
463 327
486 89
274 437
235 63
445 55
109 481
415 127
280 205
436 103
176 198
97 345
339 429
402 62
378 175
491 244
284 467
343 102
348 417
20 330
372 432
408 356
427 330
340 444
474 125
193 66
309 14
85 110
167 346
283 129
324 245
274 208
243 292
96 201
155 401
101 445
270 483
271 469
74 25
216 133
168 395
59 111
20 311
69 393
479 412
288 91
437 43
486 150
411 197
59 266
8 5
359 61
107 467
263 214
500 462
476 116
315 189
389 160
37 341
332 475
13 57
289 204
235 97
392 255
335 121
183 293
369 84
436 187
491 128
10 404
409 348
259 493
176 130
4 358
152 105
301 439
500 173
439 292
494 60
6 45
414 162
129 302
144 96
473 361
79 152
217 289
265 411
131 423
116 430
109 194
251 409
227 466
144 4
74 392
445 328
122 62
309 439
77 460
148 299
94 178
187 433
59 453
206 309
195 329
59 164
83 278
92 342
102 450
413 71
491 55
90 219
42 368
92 383
378 350
383 107
356 247
26 191
302 419
122 498
472 117
53 286
436 218
326 377
444 305
124 333
250 345
4 253
460 60
10 75
80 1
366 318
390 304
423 246
80 451
391 271
265 170
3 291
384 394
89 198
465 152
246 61
348 457
52 239
17 413
326 384
179 316
300 442
12 149
360 307
83 286
244 26
474 114
139 475
56 229
325 245
496 473
158 328
381 42
15 211
374 361
165 422
207 405
262 78
40 280
133 462
326 83
297 102
340 217
435 436
332 499
268 365
5 91
144 381
183 139
93 404
305 469
488 18
436 361
499 146
196 69
373 368
14 122
316 191
498 334
146 94
48 104
492 352
210 277
70 231
384 86
45 439
123 183
462 107
426 192
401 388
344 120
237 115
9 257
331 179
190 429
296 476
335 139
103 112
230 69
16 37
299 73
77 159
335 22
355 62
189 405
442 369
369 308
278 3
341 437
61 208
222 280
334 433
25 159
295 355
91 164
29 496
323 289
479 428
36 116
240 467
244 217
33 105
465 250
309 159
384 333
286 132
359 74
365 42
31 265
298 364
235 446
359 216
296 241
52 18
108 95
285 451
254 309
259 310
34 61
341 275
421 328
432 139
387 51
299 77
337 139
237 227
52 183
51 291
278 320
655
86 639
199 7
451 129
142 391
51 493
500 619
272 105
329 106
608 291
353 380
21 634
205 177
558 366
428 213
189 129
643 639
232 312
188 54
53 102
409 5
187 441
574 514
244 97
246 54
260 72
94 121
238 273
555 160
335 265
433 239
145 443
219 194
303 163
356 618
292 340
100 586
641 367
243 382
633 68
347 341
644 294
552 414
476 162
248 456
543 315
278 326
372 642
326 141
485 167
463 245
606 75
226 120
575 316
179 646
644 266
553 258
274 434
455 398
453 628
319 246
402 310
149 594
411 321
343 444
308 282
637 421
380 606
128 324
375 180
370 349
205 630
225 169
426 541
266 522
383 21
569 355
601 493
275 140
340 151
195 221
203 69
165 386
547 86
514 363
133 567
495 418
342 481
14 209
262 248
371 640
551 615
616 627
617 560
172 278
67 383
57 511
632 105
94 632
333 80
573 263
198 445
550 527
596 142
526 405
344 233
412 596
516 496
210 504
46 129
467 428
492 241
456 506
46 63
350 594
272 602
21 517
302 427
10 28
582 221
475 69
244 345
409 275
590 186
68 91
341 149
248 330
230 556
52 122
141 101
347 10
343 281
285 50
418 54
233 316
586 248
36 470
145 102
152 247
425 444
177 530
103 340
31 488
625 176
122 73
237 414
168 20
533 2
344 96
569 246
69 392
128 238
44 578
458 1
551 53
133 597
646 592
299 522
436 517
25 106
162 582
226 106
302 354
579 641
585 95
413 649
477 305
257 541
155 114
629 298
257 442
581 92
45 542
109 544
613 18
229 84
27 419
21 163
4 288
406 582
33 496
323 383
469 191
136 469
115 478
299 450
238 628
306 176
611 544
564 639
594 446
268 543
561 150
490 582
619 353
335 215
170 638
42 626
513 210
62 634
651 78
420 57
10 21
166 34
441 60
69 491
146 162
612 553
637 606
508 98
551 591
229 494
9 310
626 408
58 101
502 514
494 181
597 67
534 550
651 221
155 387
172 251
555 180
383 27
403 237
598 538
530 373
293 476
373 483
109 29
389 576
155 580
62 643
248 294
297 150
435 109
103 213
248 351
56 306
136 361
118 149
571 550
473 229
253 100
8 529
38 451
245 620
233 616
168 453
61 475
471 165
367 473
240 64
482 171
375 81
70 246
510 615
490 114
593 303
92 258
471 284
220 615
85 488
35 5
335 277
596 302
485 224
427 265
456 543
114 559
347 236
86 449
597 308
461 371
189 333
622 334
26 189
504 339
438 66
277 218
557 466
372 234
321 566
327 191
484 369
536 121
534 405
391 115
527 227
243 21
17 132
381 350
271 599
473 494
513 495
281 79
317 353
453 533
553 626
106 89
57 95
125 401
305 373
127 69
77 84
529 434
256 196
24 644
345 42
158 63
116 320
226 636
482 277
523 476
290 389
449 273
320 251
282 39
88 468
624 270
375 339
444 122
358 293
248 597
45 531
501 615
489 600
278 66
567 524
402 112
390 633
528 424
511 538
635 650
292 596
379 309
148 36
113 38
404 181
239 175
605 530
506 252
418 243
495 20
243 611
236 118
337 647
568 378
570 488
278 231
564 486
603 284
135 283
327 335
481 400
519 463
358 33
351 359
36 539
575 139
632 564
631 512
585 60
575 393
67 601
529 651
102 207
587 261
495 548
135 29
95 571
308 439
516 93
325 267
465 275
553 5
464 290
164 428
428 454
450 88
343 494
326 618
295 134
576 629
116 457
546 105
497 212
109 221
164 369
624 288
566 111
608 335
131 377
540 572
282 40
316 338
280 436
95 476
406 336
284 276
630 249
612 542
100 563
648 576
4 6
614 11
507 515
165 195
209 352
252 292
264 476
54 451
383 138
372 381
139 356
653 453
63 97
214 514
52 196
145 556
286 289
4 648
377 545
162 184
368 498
348 82
355 490
215 609
430 118
5 112
210 379
541 424
576 445
515 317
281 409
184 172
98 428
468 324
373 203
477 3
119 258
593 37
119 497
177 339
322 549
601 103
475 361
434 63
578 257
347 44
634 488
648 559
379 346
647 530
554 420
648 301
67 343
550 77
451 463
631 634
86 325
434 537
329 65
379 320
380 552
305 575
506 351
288 391
332 95
520 582
46 537
123 34
476 26
296 184
287 265
125 508
23 475
316 81
585 406
364 238
503 363
405 126
331 431
555 63
420 429
289 297
216 156
537 175
75 122
44 30
387 74
136 571
655 381
44 602
3 443
649 126
63 447
232 79
41 421
520 121
568 513
36 156
218 288
93 177
640 443
96 416
93 302
180 213
329 103
518 513
308 465
211 132
96 652
312 627
154 573
584 136
459 322
285 406
542 526
109 30
434 223
30 178
486 9
216 137
610 165
295 654
466 11
291 84
488 400
605 648
482 247
201 520
440 46
365 60
180 564
595 74
426 565
213 149
256 323
172 90
441 559
276 652
315 188
653 188
389 433
508 439
614 485
167 507
484 314
512 568
111 353
512 199
72 261
20 145
193 495
331 636
567 24
296 127
578 90
449 93
582 177
406 149
99 214
528 585
588 69
617 142
402 208
312 398
607 294
650 269
96 42
371 518
368 66
597 265
395 518
640 355
345 599
633 425
211 367
420 113
94 55
77 362
117 480
503 81
553 578
104 514
507 307
638 508
395 185
55 166
217 545
438 70
156 598
465 58
64 91
151 253
33 200
598 159
170 486
2 48
128 495
513 534
522 80
180 21
520 336
404 64
632 566
236 406
623 100
291 298
314 530
379 443
460 96
396 277
652 567
273 423
411 326
205 250
633 569
646 574
329 242
544 639
45 406
388 586
140 187
182 409
148 609
258 506
497 434
102 600
128 513
60 387
647 346
507 109
324 358
124 649
350 615
407 529
494 351
274 384
142 360
329 96
34 145
89 361
561 49
628 108
605 229
454 145
476 351
606 405
242 470
269 122
516 274
309 217
142 121
192 426
831
444 518
343 667
744 244
706 713
662 618
653 44
777 331
650 500
777 59
345 178
99 290
684 499
330 2
144 737
766 520
551 563
178 517
74 61
219 673
751 355
472 592
657 149
437 205
520 108
235 54
241 3
372 146
75 480
465 228
150 61
298 486
601 797
677 526
292 449
144 553
342 734
142 179
802 79
113 436
571 196
192 532
166 414
329 29
533 106
544 163
647 536
512 772
308 163
241 127
436 295
611 667
318 259
687 749
570 507
553 352
676 371
788 340
200 247
482 92
468 174
76 400
616 684
591 192
621 347
747 78
301 257
176 785
605 355
815 63
464 804
735 99
29 654
62 242
699 795
723 506
14 317
775 50
36 541
421 175
516 560
158 474
333 811
402 50
215 696
645 36
641 231
73 432
330 788
553 714
181 487
248 43
802 496
724 642
484 708
438 263
386 57
599 318
785 409
574 763
545 778
793 256
188 393
758 469
398 369
495 341
365 824
631 167
280 790
666 205
621 828
683 379
615 25
52 578
413 321
797 819
684 301
793 568
119 181
498 318
182 347
120 263
459 143
675 428
289 522
580 592
243 343
655 661
790 761
647 31
790 531
170 801
32 583
255 41
22 28
286 672
285 697
361 815
660 56
770 367
638 595
634 329
75 45
675 433
362 626
446 80
290 746
125 123
710 548
389 711
502 304
671 185
812 624
85 441
606 305
402 464
535 245
392 656
733 210
659 328
77 827
35 315
504 364
268 553
385 167
405 583
554 571
419 542
609 193
196 171
283 308
553 458
643 572
435 762
700 144
24 283
284 228
791 674
108 150
437 589
239 30
360 682
275 619
352 588
257 146
142 209
388 469
70 759
489 393
53 359
493 575
640 349
80 311
500 337
139 481
24 458
484 459
380 325
806 823
688 618
542 305
156 45
243 301
601 699
352 517
558 88
758 655
678 25
667 794
131 126
353 570
420 633
242 754
416 150
350 692
546 56
755 359
94 650
319 138
78 587
645 22
198 771
740 399
688 630
535 134
118 41
413 780
370 230
366 574
459 638
183 704
479 419
318 404
332 155
695 21
810 685
142 579
127 379
535 260
152 663
401 828
425 797
718 7
669 384
466 338
518 466
214 612
625 539
42 815
367 192
727 116
766 133
770 703
402 548
724 281
577 778
518 349
730 510
131 652
677 331
552 826
675 558
420 586
316 282
662 289
652 13
638 106
475 481
244 463
110 170
101 79
486 574
42 824
346 161
208 159
85 403
70 463
796 686
635 511
192 472
450 645
182 138
296 342
691 766
487 574
268 56
106 518
614 765
720 362
538 127
808 126
324 713
787 171
133 286
751 630
177 761
109 186
371 117
516 466
76 90
243 751
52 572
647 56
764 291
338 471
268 752
150 74
785 98
576 66
609 139
328 426
471 335
63 127
426 234
538 436
520 328
343 615
215 730
490 691
227 685
632 469
205 180
529 101
507 601
595 536
646 55
327 13
768 439
296 453
575 53
202 279
799 589
136 766
282 150
562 803
553 166
363 646
759 707
240 110
814 743
175 821
327 704
322 304
413 735
265 20
437 370
292 687
285 260
5 724
26 309
122 644
125 597
703 546
607 757
715 95
641 680
396 423
342 628
431 656
811 678
211 20
272 392
785 711
210 23
199 98
587 300
386 273
807 634
514 527
378 698
49 41
451 307
532 376
816 521
15 49
468 699
309 82
227 538
584 65
720 660
557 670
631 300
190 578
534 296
323 201
25 64
173 567
660 166
399 200
432 604
684 3
679 375
228 517
610 425
658 576
104 157
715 330
145 53
827 292
200 328
810 796
195 408
717 778
105 248
373 386
395 130
779 213
456 760
556 37
152 467
284 271
259 775
545 81
212 626
660 480
785 485
71 559
34 795
414 477
690 188
195 763
643 71
407 359
315 90
619 595
460 41
828 758
200 100
101 455
795 230
16 684
65 90
99 705
188 256
640 584
331 449
473 290
257 468
717 484
58 468
374 93
267 450
191 208
560 361
91 315
272 739
142 434
815 766
550 828
641 644
31 778
291 662
726 449
663 474
686 516
256 145
279 70
442 822
311 119
656 40
533 472
823 553
41 411
195 111
632 53
69 231
770 767
245 219
807 479
385 520
388 26
241 772
188 608
231 685
135 243
638 704
661 96
831 468
801 226
310 692
394 42
696 566
330 473
674 174
237 799
412 28
696 177
755 642
747 630
173 133
702 457
73 812
322 780
92 311
756 461
158 127
672 354
689 707
552 632
427 276
419 224
104 655
239 245
297 327
806 308
463 390
204 726
86 767
810 665
433 550
572 26
214 292
95 574
78 751
819 652
209 159
752 227
350 764
529 662
807 195
468 721
217 186
171 746
395 827
73 795
332 6
383 550
2 66
795 623
40 705
190 562
432 782
726 195
635 667
457 659
508 128
491 353
612 449
698 104
681 209
25 558
354 398
466 642
454 650
390 133
682 257
670 624
790 600
815 476
669 135
467 571
374 260
731 580
212 322
437 650
631 825
370 262
688 731
471 336
341 183
725 254
645 136
570 460
16 801
613 275
795 660
767 502
540 615
54 674
174 222
228 422
737 195
755 221
200 643
216 211
819 406
230 764
679 498
293 797
383 701
132 455
234 54
151 18
502 566
132 471
544 275
99 239
88 153
659 543
53 717
126 419
637 14
786 255
380 715
337 15
720 113
774 395
540 542
94 87
737 73
198 272
561 53
593 183
560 233
589 646
125 144
6 336
12 291
695 788
493 735
171 653
25 622
623 476
553 823
439 490
323 766
829 437
827 229
247 308
799 615
725 1
484 671
709 547
672 38
168 770
793 103
752 405
790 247
365 206
14 350
612 716
795 485
446 647
252 149
573 325
538 578
359 28
294 793
109 194
578 149
137 588
358 73
662 386
503 175
671 80
652 555
309 658
243 513
668 664
470 489
89 526
709 750
593 3
57 379
426 603
294 830
346 311
445 247
115 358
374 714
657 493
783 322
445 757
180 266
503 706
630 579
73 232
548 86
405 399
210 606
516 387
235 254
247 336
245 693
157 632
227 104
278 545
780 770
35 614
101 500
297 233
257 578
138 382
652 47
814 381
545 489
580 576
681 416
226 460
182 265
381 813
146 458
340 787
599 568
804 159
157 493
12 394
648 356
518 198
594 205
184 711
72 203
394 285
407 133
552 135
540 485
407 433
775 563
396 827
126 561
744 674
83 218
529 558
634 561
577 445
122 253
545 296
74 113
674 756
67 456
84 69
34 643
490 26
633 270
91 406
628 214
236 561
607 30
614 116
750 287
742 573
351 388
701 322
67 3
216 193
562 146
732 79
249 580
337 598
26 101
172 121
452 167
595 337
654 741
51 271
166 820
63 101
266 495
495 398
358 236
827 361
146 417
553 740
581 117
235 258
411 643
357 514
455 240
691 642
371 672
87 602
718 519
235 471
251 425
169 305
722 386
485 791
138 439
649 567
631 738
53 467
484 112
273 537
37 187
517 760
485 171
321 735
272 576
410 469
725 608
281 427
221 500
139 163
57 407
38 406
664 357
217 824
374 124
301 126
502 370
195 21
329 311
464 136
82 186
252 570
243 704
146 493
521 219
803 340
738 643
412 586
97 686
597 540
449 316
363 362
314 433
337 616
750 758
534 356
163 473
68 171
146 519
250 68
230 124
593 162
476 263
607 432
27 812
310 494
142 385
298 472
786 522
302 189
700 682
193 448
603 254
6 769
662 638
425 156
556 410
774 44
424 194
361
294 89
297 119
21 238
50 333
54 181
174 358
76 159
109 206
347 24
34 127
209 181
324 245
68 40
353 145
62 137
252 33
268 210
345 192
357 244
86 119
113 34
162 49
17 20
315 220
126 336
209 313
183 260
353 50
185 121
253 121
73 7
232 108
237 228
226 163
85 189
180 215
266 42
77 288
270 156
70 153
266 151
216 267
151 112
323 269
324 332
41 299
322 293
1 114
246 191
65 302
162 302
327 343
118 81
332 326
349 116
238 234
282 43
96 290
307 283
45 215
280 318
332 178
91 44
347 336
294 187
212 122
313 336
295 3
8 11
99 33
355 218
19 176
271 356
137 323
252 43
295 276
173 208
212 308
118 200
147 328
256 76
256 190
86 342
213 124
12 184
188 177
114 10
12 148
288 349
168 9
202 79
333 359
301 66
27 175
112 267
251 322
75 177
163 146
229 345
264 268
19 209
233 208
31 108
325 150
36 198
310 286
184 85
28 280
233 85
224 155
155 96
337 70
197 16
202 335
340 232
331 36
166 238
9 299
83 71
305 351
268 154
288 32
250 41
248 205
134 261
223 39
237 254
149 209
311 224
59 149
249 93
282 323
311 230
154 165
117 164
172 128
318 250
104 197
317 225
207 262
33 291
10 191
219 289
98 100
141 126
346 152
49 319
188 4
115 30
31 91
262 350
23 205
342 174
110 95
19 132
309 243
79 287
170 162
123 331
99 322
340 344
68 251
338 361
237 188
155 286
265 29
151 134
361 23
242 206
198 253
91 239
22 127
36 106
252 31
28 154
21 233
302 59
22 80
314 280
81 41
191 33
160 109
36 240
357 6
104 102
141 325
292 197
140 86
123 226
345 283
321 60
7 296
331 279
167 232
29 259
234 221
304 352
191 287
129 240
172 5
46 105
269 294
295 334
150 345
154 321
79 335
30 84
254 212
317 212
329 53
117 74
3 270
250 321
176 226
38 225
190 217
144 12
4 293
125 53
86 2
11 299
190 174
238 311
349 151
75 90
138 105
44 297
121 256
172 245
82 332
94 348
19 83
187 190
122 107
151 141
248 106
198 206
55 333
7 211
151 175
309 276
76 176
131 61
11 246
77 5
205 176
153 346
354 249
227 128
349 194
44 257
198 342
183 193
340 295
218 125
351 353
221 321
197 162
59 235
273 318
78 350
95 69
127 23
237 349
14 165
263 115
47 80
247 168
345 70
61 149
101 325
232 16
209 237
171 323
135 111
342 142
129 244
194 159
257 171
309 5
356 250
288 243
230 44
10 11
112 281
251 99
254 320
10 192
11 61
222 329
348 178
290 231
187 270
252 102
14 103
278 48
144 220
191 110
186 288
168 219
181 18
278 34
190 37
24 323
339 158
183 256
65 315
260 2
336 53
161 348
172 153
36 105
136 171
190 138
92 275
85 107
262 123
91 352
233 104
219 269
125 345
329 143
5 108
178 129
43 355
235 174
120 342
205 23
224 177
222 94
330 68
350 308
151 258
356 311
283 326
274 1
321 187
279 65
6 231
337 309
76 63
234 106
100 56
298 207
215 145
125 345
58 248
317 331
110 276
314 344
57 127
186 81
298 267
188 359
18 79
354 162
91 166
119 295
262 212
329 252
67 204
755
626 35
250 32
108 602
487 721
695 478
451 426
564 452
128 504
396 566
48 683
127 422
7 624
612 429
480 93
576 335
134 391
518 720
454 130
571 11
235 699
97 532
108 386
76 417
293 277
402 453
1 640
54 93
543 233
308 221
257 150
129 697
525 584
595 483
629 674
67 173
510 130
410 511
333 431
254 662
463 413
356 680
23 389
307 399
296 323
583 531
628 698
502 172
104 694
400 628
694 57
751 683
667 58
521 119
620 465
24 427
626 698
242 213
634 191
659 345
266 571
550 52
155 308
485 747
607 300
155 645
722 399
716 701
461 307
702 579
710 218
112 65
205 448
690 247
45 33
432 652
668 554
118 348
717 751
610 139
323 666
498 5
295 346
304 538
101 415
487 662
395 481
202 54
740 84
488 216
658 342
608 695
544 562
192 304
159 538
685 668
206 290
111 209
740 234
234 558
137 202
750 495
544 335
102 710
599 68
661 378
292 431
197 33
120 633
265 110
391 514
166 447
564 478
537 295
75 474
589 271
483 197
659 44
436 718
136 170
603 558
622 511
259 737
556 433
163 82
618 455
190 206
396 301
635 85
400 432
111 445
600 36
19 692
31 34
702 571
403 443
598 580
604 96
129 194
312 89
130 753
662 185
361 568
118 7
508 721
57 235
739 174
452 100
123 214
741 738
186 736
8 249
117 536
139 40
269 535
87 479
582 714
569 637
296 74
571 495
499 69
388 526
737 700
36 487
7 303
204 505
182 203
202 462
642 658
22 505
203 212
135 170
312 110
326 750
628 337
423 216
557 499
479 630
457 533
647 549
555 658
331 504
535 461
724 92
741 543
170 203
337 426
317 728
189 338
48 649
40 658
259 175
227 216
623 619
162 546
163 399
301 305
270 135
571 117
110 312
511 633
745 576
751 463
108 211
6 624
574 176
291 406
726 38
702 112
108 185
260 237
221 729
418 465
131 218
337 74
157 754
500 101
627 585
207 452
754 470
684 282
95 319
295 252
110 326
63 101
680 51
702 22
261 740
92 246
579 732
83 30
437 15
74 412
633 707
91 45
216 431
513 657
215 571
685 747
193 630
313 210
714 65
581 697
480 652
421 351
436 175
301 183
262 254
665 437
194 515
421 516
148 523
215 120
249 714
388 225
558 101
146 712
299 241
101 570
294 584
453 435
711 262
363 14
648 536
386 427
126 621
343 513
633 333
169 493
371 562
700 592
370 445
609 417
194 650
388 527
214 51
312 123
424 287
239 481
31 245
615 337
93 566
86 448
470 57
565 620
5 716
427 636
137 404
224 282
257 156
516 430
561 9
359 496
727 489
721 140
197 454
323 361
264 629
615 219
305 164
44 153
71 46
404 379
753 497
108 1
165 529
598 446
85 254
46 177
636 82
437 392
387 146
278 605
563 518
667 738
191 273
234 284
144 494
479 653
334 297
156 621
83 155
403 279
33 698
181 551
420 152
400 466
344 751
136 734
128 76
177 555
588 695
453 283
711 577
61 30
718 678
431 700
131 641
749 497
46 27
485 706
389 23
675 652
6 353
706 707
240 544
226 431
568 574
584 515
647 246
132 672
469 392
568 130
15 638
566 116
751 3
97 328
94 618
393 307
36 583
569 366
584 706
53 156
150 354
597 37
646 142
7 51
142 595
677 152
315 401
403 662
752 196
266 191
601 363
466 284
402 471
2 541
404 415
522 171
747 246
513 406
127 730
496 1
457 77
727 41
110 251
249 488
619 595
521 517
412 541
165 660
106 557
749 374
417 645
129 120
34 54
404 213
563 378
302 495
464 271
526 635
42 655
20 331
214 129
358 405
418 329
721 650
359 313
538 558
81 96
643 40
19 326
475 216
679 595
633 205
293 587
483 676
749 653
563 217
753 387
249 198
288 231
218 324
130 345
248 727
8 499
80 643
556 207
260 649
459 518
689 426
462 293
12 752
126 738
573 574
325 734
595 372
399 34
570 509
692 488
307 609
70 272
495 331
658 394
676 17
585 196
168 39
114 120
125 27
545 247
485 422
585 625
76 49
98 244
43 676
202 168
41 563
469 162
45 699
198 623
375 734
343 445
118 350
530 259
433 626
405 171
237 185
737 325
282 716
477 219
669 633
739 505
444 7
435 218
615 84
347 484
327 438
217 216
84 235
614 370
321 659
62 641
376 703
310 598
130 254
251 509
300 698
737 555
305 522
318 98
129 67
207 97
485 138
600 181
459 254
589 633
361 369
145 153
660 720
313 407
755 10
565 425
124 449
647 339
260 304
598 154
383 198
159 76
717 3
389 130
619 477
53 450
679 397
347 54
314 333
581 339
44 45
243 3
165 482
43 210
251 17
539 211
579 310
46 752
281 437
105 634
180 708
741 18
38 467
690 446
223 720
676 317
704 278
272 698
212 141
453 134
531 518
92 705
497 417
704 166
194 148
625 123
718 725
594 245
603 23
144 738
443 673
312 753
316 643
288 467
728 657
183 609
131 65
282 123
173 618
2 171
13 577
595 65
545 391
490 196
413 158
368 281
169 532
553 375
301 246
524 467
592 191
702 453
634 440
728 686
107 232
290 454
272 749
94 184
722 608
631 147
454 371
303 429
222 554
192 264
369 742
621 7
135 568
155 64
197 603
519 578
218 371
292 49
469 79
485 290
508 121
530 678
399 194
640 502
160 264
62 512
748 352
332 458
109 733
79 678
639 446
87 253
340 284
300 674
388 672
580 709
110 655
433 589
309 606
540 733
66 143
266 661
729 229
17 755
243 661
120 281
690 514
309 461
739 427
392 242
327 141
125 654
453 395
691 1
545 735
714 581
672 173
488 720
316 323
286 437
361 19
359 509
271 9
18 717
656 154
631 235
552 101
642 24
33 560
526 364
546 696
314 8
243 400
450 252
685 372
749 649
9 17
78 306
605 250
159 389
296 434
635 460
597 240
576 679
738 467
294 198
82 731
540 319
144 174
258 295
739 260
386 370
571 744
186 454
511 587
72 632
167 134
319 200
206 98
392 509
5 363
70 379
375 74
120 283
371 251
272 60
346 13
496 161
421 728
368 281
339 401
272 92
5 35
395 382
225 70
726 513
367 519
656 315
238 338
634 536
665 488
612 100
219 676
430 54
203 361
547 678
272 547
337 482
665 222
516 631
292 583
518 178
209 98
684 412
180 360
405 287
270 444
124 408
148 47
388 99
513 652
134 374
110 652
268 192
402 13
573 424
670 174
633 482
238 239
505 433
367 32
750 683
230 522
27 414
221 185
348 384
662 727
96 323
337 175
133 719
57 547
615 35
504 105
470 646
567 456
305 259
411 375
591 398
571 417
495 445
175 548
457 31
284 287
75 690
246 473
242 417
423 127
361 590
168 100
251 8
523 472
279 20
579 26
108 180
648 398
556 234
219
95 40
75 72
45 93
103 152
198 115
48 5
111 160
42 212
48 71
204 64
141 123
7 179
152 39
7 32
29 198
11 7
146 142
173 208
1 139
186 213
13 38
195 216
32 105
208 150
54 191
45 23
144 64
1 214
151 111
161 76
4 101
190 127
99 212
91 178
198 91
65 219
7 144
57 136
153 9
198 153
153 159
64 203
180 212
10 73
123 47
190 36
56 35
16 205
103 19
145 133
144 138
106 182
26 129
60 216
3 146
124 94
17 89
213 8
68 187
12 172
95 52
163 25
39 144
26 180
126 91
114 109
219 212
24 117
125 10
48 185
214 73
217 94
80 123
218 212
93 111
215 34
101 165
86 133
142 203
210 53
119 187
214 196
77 199
200 171
129 106
216 72
111 63
50 119
210 178
24 145
167 203
197 98
58 2
183 215
29 21
180 164
106 164
51 180
59 158
75 44
6 59
189 136
102 162
147 8
88 75
23 201
128 21
88 147
172 157
180 153
172 214
55 117
48 68
179 38
134 17
152 2
41 201
196 185
141 138
167 203
169 218
162 130
8 133
48 205
52 26
78 45
92 123
91 48
36 185
179 215
130 121
183 86
58 149
171 196
181 22
219 36
145 5
165 158
213 196
113 152
202 48
195 197
164 6
182 64
114 143
127 219
56 45
55 132
86 26
193 189
113 26
206 15
149 18
49 175
65 174
183 7
158 112
148 168
206 208
82 189
148 134
75 141
21 66
67 132
37 188
74 11
2 141
105 183
159 1
110 105
200 42
128 102
202 95
75 153
101 189
126 72
209 64
218 33
51 168
165 215
70 47
79 21
176 156
50 22
46 129
78 28
196 1
19 201
116 162
27 119
7 130
218 122
216 209
165 128
133 144
204 102
103 138
52 108
21 16
105 45
96 103
132 48
58 97
212 175
184 121
132 146
189 138
9 59
133 32
91 141
10 59
168 60
72 158
51 167
143 196
52 45
211 80
138 92
162 97
526
392 417
259 71
395 241
81 35
142 66
496 309
460 241
443 149
183 85
477 277
15 275
32 195
452 184
184 442
170 348
23 314
260 470
56 375
264 252
118 296
476 315
232 168
50 460
422 478
296 105
276 91
118 432
32 329
365 185
350 190
41 265
333 192
47 219
225 341
312 65
367 259
16 402
398 480
54 211
274 324
17 264
322 288
454 467
86 362
219 99
434 208
447 247
389 44
468 371
106 150
260 315
381 389
452 49
256 170
446 57
363 148
207 51
69 260
364 497
346 333
98 92
169 414
348 465
76 228
145 208
451 113
272 325
321 513
139 223
187 520
441 321
386 446
66 196
256 111
74 253
127 173
83 78
320 29
128 399
127 105
47 262
13 76
403 38
207 507
150 302
141 89
500 175
113 279
21 510
261 484
157 11
254 487
354 407
170 391
464 60
80 184
468 234
355 513
70 217
206 187
396 18
487 224
373 91
246 256
88 187
453 122
437 347
80 6
380 495
211 14
413 317
153 321
273 12
149 299
188 387
494 78
295 92
113 284
281 158
64 504
2 203
316 398
327 254
417 295
475 293
136 193
397 286
412 404
327 104
181 307
440 171
342 418
402 493
304 42
182 136
407 55
10 7
152 523
260 354
19 93
130 202
498 274
99 32
200 278
192 120
171 422
331 422
254 448
191 97
89 415
18 132
523 491
16 282
342 210
122 220
97 138
61 475
380 477
348 173
69 94
240 374
91 217
121 522
245 73
179 298
14 403
293 183
231 497
257 418
440 179
231 12
102 156
242 42
170 371
162 227
491 246
30 263
12 435
66 28
509 19
428 403
140 145
461 400
123 164
71 225
80 451
80 296
204 344
77 464
172 290
42 170
193 462
21 156
20 134
449 191
287 487
401 179
128 500
102 328
84 103
135 482
320 130
202 307
369 457
297 33
118 491
153 416
157 116
451 232
197 192
374 4
479 470
104 325
258 325
305 525
366 269
381 13
114 488
208 336
392 95
100 280
240 328
317 322
158 462
64 431
107 144
433 80
453 423
452 305
356 102
103 178
511 83
396 438
466 467
211 109
473 415
331 135
205 105
37 49
276 333
67 367
379 75
280 447
446 313
517 213
240 87
64 335
50 294
240 373
453 294
327 476
342 120
401 301
228 297
178 55
65 140
97 486
170 298
397 287
466 52
461 66
377 195
157 122
385 455
252 36
516 215
23 487
518 278
373 458
137 230
233 500
274 303
383 24
441 303
47 38
109 483
194 466
383 446
350 361
261 137
367 309
128 35
336 524
397 420
432 101
124 86
242 440
35 202
67 55
430 149
389 124
393 313
140 77
274 255
142 193
475 359
145 413
283 326
318 236
262 201
297 340
98 16
191 26
206 453
90 437
275 113
6 202
87 322
350 488
154 343
293 233
363 222
297 82
6 507
246 263
63 40
1 43
144 238
173 350
399 167
303 483
133 29
462 187
387 496
129 313
463 39
431 174
118 406
346 193
207 4
506 33
319 386
117 317
148 253
151 53
462 170
18 204
107 358
389 87
148 484
298 428
166 250
426 37
320 493
63 510
192 128
30 77
483 41
273 246
111 79
345 197
138 397
267 402
129 499
68 17
152 40
186 133
496 380
224 37
339 483
332 371
152 216
443 333
222 159
523 376
45 468
283 6
268 341
160 308
486 42
455 39
395 439
318 61
513 381
24 276
482 207
122 451
511 213
405 331
83 36
475 347
137 398
67 180
308 118
198 331
169 481
487 508
419 23
104 386
470 11
340 387
126 388
142 307
127 67
434 12
332 4
310 344
516 22
370 428
75 410
56 67
109 95
203 152
518 226
407 77
225 337
472 526
158 435
512 311
476 306
402 264
492 490
43 418
374 243
126 102
461 21
108 357
271 56
129 231
236 235
1 366
439 135
147 395
128 160
133 68
102 63
82 384
230 135
348 291
366 98
208 368
435 192
73 122
199 233
304 355
424 96
178 262
186 196
188 196
380 147
34 476
33 322
246 359
93 172
425 416
379 29
189 56
355 484
157 348
511 57
34 195
5 304
406 266
411 389
349 278
202 83
472 273
280 124
197 412
302 379
110 366
214 225
319 210
523 124
274 339
130 366
292 344
271 7
312 376
285 393
393 316
396 82
420 315
105 217
2 378
468 482
279 403
212 222
393 76
347 118
160 344
192 78
145 265
175 310
218 164
429 27
96 212
142 274
21 219
315 513
516 266
518 458
211 312
241 269
84 58
298 421
328 484
357 34
453 390
187 102
212 147
306 313
97 375
215 59
18 63
314 382
450 429
95 312
123 115
395 284
462 158
204 148
89 185
464 32
445 423
384 380
466 216
111 208
77 296
159 462
158 171
216 4
247 357
123 247
369 274
124 58
702
130 433
574 476
133 76
500 394
462 471
656 446
513 485
634 468
218 223
207 111
529 276
506 276
578 631
97 422
294 183
23 525
650 443
681 527
518 449
216 169
254 17
298 182
261 230
53 312
685 81
69 421
388 61
607 582
390 679
407 387
209 289
453 281
173 557
407 152
24 638
393 584
141 353
637 474
228 616
256 88
66 34
202 550
152 404
278 257
98 27
602 73
278 419
534 680
45 59
65 530
28 251
29 237
238 67
680 88
412 158
141 233
439 594
510 70
367 353
197 375
270 679
304 486
574 460
201 529
663 67
36 449
344 565
76 250
231 197
533 28
180 66
580 422
44 364
314 455
182 471
661 689
471 94
370 300
348 503
346 630
21 691
543 521
13 503
106 213
443 687
100 278
384 455
58 356
512 283
101 248
405 359
327 690
10 602
521 271
660 176
204 202
54 214
466 388
292 400
191 108
376 182
540 23
548 316
254 319
74 67
563 461
60 686
656 102
16 693
43 239
632 120
604 324
563 436
312 263
54 216
260 598
617 321
279 267
223 543
252 676
458 484
483 472
231 446
422 292
33 172
42 610
483 313
426 578
458 521
72 204
353 192
79 698
263 590
265 160
663 445
3 446
525 425
338 284
9 588
43 376
96 635
362 577
318 117
115 664
675 228
561 522
254 40
60 35
86 8
70 390
123 260
36 336
457 117
163 693
410 117
155 139
136 8
558 324
417 406
226 493
266 574
502 658
499 642
299 51
392 566
355 562
211 498
434 542
541 339
414 477
589 136
334 606
694 487
326 508
692 602
227 305
701 678
634 332
483 144
248 557
594 470
78 309
488 421
584 233
639 40
487 128
301 410
133 464
409 33
690 267
49 76
673 403
660 366
417 219
158 112
595 64
603 158
237 507
663 52
383 299
46 101
312 258
243 660
95 531
207 84
446 270
133 501
477 526
497 394
307 255
395 627
587 265
196 378
326 642
620 451
132 97
221 561
702 82
683 86
85 304
520 183
627 437
124 635
63 97
536 6
55 465
168 475
577 646
72 323
462 495
232 364
688 698
240 219
385 632
183 696
633 267
477 45
592 163
690 6
509 691
233 618
120 532
416 58
557 588
102 515
205 2
447 173
79 275
340 354
111 156
288 52
212 327
618 470
244 656
569 218
89 418
350 168
19 379
525 166
72 490
603 97
654 309
532 293
670 537
119 196
489 612
619 372
550 283
500 93
51 146
251 565
172 94
440 691
126 128
171 536
452 545
191 264
309 23
608 63
627 171
168 468
31 284
602 540
29 246
106 700
129 156
264 119
621 179
19 178
695 522
629 276
501 477
632 200
161 454
204 232
264 504
659 475
535 395
238 580
390 229
387 106
201 496
451 285
648 156
414 614
164 474
201 552
639 85
225 182
241 6
58 528
4 378
122 478
617 637
468 280
694 267
374 102
531 615
15 555
554 187
607 569
594 288
562 472
155 140
489 105
229 560
572 487
476 255
108 215
318 556
523 400
110 247
205 172
480 264
647 538
697 50
413 89
421 256
149 50
127 219
506 395
167 372
690 689
27 626
226 631
232 631
15 126
693 112
68 335
163 5
397 698
283 25
40 598
307 499
152 307
440 81
504 473
11 33
629 229
183 352
476 183
77 434
47 227
620 14
184 595
499 433
254 145
392 543
445 167
260 698
640 625
581 357
496 127
644 550
151 65
245 152
10 25
341 375
172 13
321 136
459 399
357 457
225 400
646 614
207 595
122 46
53 355
317 42
607 41
516 453
548 311
537 308
546 251
631 26
612 411
153 53
109 218
647 74
320 439
309 503
251 355
155 196
171 596
190 193
186 321
584 510
681 508
177 437
253 645
34 446
585 493
153 108
479 613
249 172
87 396
262 46
94 45
145 566
78 580
179 182
51 199
321 110
450 488
89 541
550 490
96 452
312 365
625 120
87 621
301 2
309 164
673 324
654 26
174 231
133 24
86 649
180 552
445 398
233 74
413 507
662 113
191 427
281 379
632 363
138 549
30 256
241 237
501 140
137 453
252 343
635 690
431 283
480 424
614 381
86 106
383 475
540 491
440 379
377 226
308 55
285 212
639 660
160 237
256 387
229 676
207 680
142 228
268 129
585 127
489 228
384 199
642 322
520 591
346 444
501 610
655 444
427 678
702 145
236 331
410 449
328 306
616 215
659 84
503 14
665 259
393 592
84 116
256 88
194 339
119 396
553 68
47 670
581 657
14 44
568 263
665 120
18 114
383 7
134 554
235 296
432 390
425 686
431 220
674 574
142 474
591 388
376 535
51 233
139 5
491 39
306 109
77 550
675 110
2 331
331 390
293 221
538 512
173 546
292 435
97 276
549 527
607 367
408 33
355 101
592 211
446 171
421 698
467 110
608 507
401 59
600 506
471 654
340 45
532 317
23 411
451 421
299 16
491 201
382 148
535 278
51 401
465 58
446 177
39 419
511 62
365 376
181 25
381 226
380 301
396 98
198 694
525 534
391 91
545 475
357 509
660 348
496 324
308 46
65 678
476 146
261 679
408 280
633 541
154 425
677 522
392 564
16 136
470 523
398 634
635 588
17 549
165 127
544 310
344 133
349 694
656 80
269 512
120 686
297 79
215 160
372 21
327 273
49 373
460 678
333 448
200 461
281 100
246 696
43 579
234 539
694 20
641 643
551 416
174 238
290 95
588 678
523 685
40 121
98 588
404 201
548 650
599 694
64 570
204 348
167 479
219 218
255 232
105 360
241 388
588 158
456 327
168 588
274 300
81 424
83 22
155 391
425 652
693 145
87 134
27 249
216 599
371 313
460 104
283 645
391 665
192 60
104 468
669 109
447 467
324 179
501 540
546 536
641 116
189 269
201 42
506 536
441 159
288 447
570 441
594 97
382 690
412 358
472 166
203 385
591 133
240 693
615 374
336 501
462 299
70 694
549 63
662 505
277 318
209 578
15 208
649 568
290 695
698 247
68 306
36 548
214 594
101 135
337 440
230 244
517 418
409 119
322 117
597 450
66 689
244 326
491 194
647 444
491 72
294 536
37 524
93 571
11 691
91 249
100 99
639 237
289 651
257 579
395 611
351 499
89 580
218 457
168 517
635 592
538 465
22 51
244 426
625 112
277 615
292 456
156 254
686 560
290 250
2 273
204 242
648 698
602 69
349 657
