735809
384130
257213
1684177
1904329
1661421
589136
1001338
931071
237972
1178058
1932238
225004
296582
443955
682933
785165
507623
632887
589971
465750
1512918
480136
308631
1946707
1328139
1233637
209263
430800
1972834
1942917
134358
1711258
1212477
1529518
1638320
1966070
1071155
508258
335779
618628
468306
25293
973334
1056034
128422
204345
1772178
950131
449996
186970
1753217
1867176
529202
223956
1586171
180712
621441
853410
208962
555383
291522
588844
541358
1056105
1680483
1302560
1030041
661334
180392
919961
421446
1585580
101395
1267726
1210243
1445930
1290838
603252
1412593
1482412
1819612
398729
155108
449485
760201
333366
148881
1375022
1394796
1672627
1727152
616818
964810
290845
1489298
1730808
1199746
1528196
273661
264050
1305923
1851771
473892
1813777
657470
480816
773733
1435289
290774
281135
845666
1985166
1669268
807190
198992
1586471
1539629
255726
1381386
1643004
246459
235870
1044352
472971
902966
1531045
289718
810604
969056
1984204
250642
1401665
1320108
767798
403955
104820
877975
1634154
351434
151973
1092948
371174
1621564
531200
977187
904514
1890123
259403
1933820
819765
195679
388222
502644
378235
1498887
111985
1390368
174399
679296
1460606
743552
99840
1656651
572953
1920348
1895461
1851359
994645
826365
39419
525722
936340
1644364
1350377
1557569
1413094
668405
34615
487625
1704465
1465479
1254171
733185
278994
642884
1907091
739046
993223
1951751
780600
5248
1187534
621916
1109266
1315571
1024890
489002
891072
1059416
818488
1999343
1348742
827794
49006
1300946
69365
610022
1681084
1041656
1463304
1070434
806565
1286003
695440
482702
929039
789517
1084807
182345
1101521
1258667
715127
1510567
1648586
1427712
144245
171024
1467817
1706299
1532618
1172712
241900
1585169
534626
1593344
1728619
1263893
1699177
963063
1248488
378791
801427
1861961
608923
1219141
1044885
1455778
296710
1622693
1240042
1023729
1706195
220480
1754139
1884759
1177292
1972261
1387984
1203439
473256
892625
1523001
637471
885209
1101551
492126
1299373
1595297
1543811
382164
1525334
973237
1364493
285578
1907392
303510
1610608
1406675
252549
1994113
666046
1215319
696333
722393
1991934
1261352
1988809
876274
1664190
664466
202508
457174
1367383
109714
1722778
1930633
1872076
1977805
433251
1319989
1676645
42023
257308
1960006
1460686
633080
1254587
1774747
149020
1968835
529164
242070
731849
300882
1169283
478807
534507
177364
994517
705797
1785685
717589
333611
768437
740220
1178661
1511745
1159269
181380
238942
554080
794952
1269573
1542371
236999
1497812
64962
1793617
1918202
1245201
48665
918350
1147057
694287
670134
510758
248325
1187038
1960482
1687257
234489
864888
392344
1634100
1577890
877439
1582230
1345626
201233
218424
427759
65177
203869
755026
601917
481484
182959
1018869
818151
979198
341889
911875
1087179
952839
1731657
540814
132164
898758
901384
681813
1194263
451168
1572072
573658
143832
1540590
1001605
1469886
1091954
247258
1239848
1753117
1774629
1405912
1172337
792987
1264240
1674781
1249094
333043
549879
1386231
1079053
1107494
877429
1777337
672313
783566
1007742
1260817
1239242
560327
1066682
798050
1064265
1997022
793378
1222419
110359
272598
304973
406870
1482784
762565
1533690
62361
982645
1635352
1973950
301133
1274915
915839
844598
686859
1729222
1452407
417598
227696
209136
1999462
1319512
1459239
1111452
748318
643560
989450
1270561
775365
498870
949841
1061055
1907292
133426
1904722
1902247
1878122
1739084
1041186
258451
634831
227828
1731905
722207
115875
882201
1103758
1147059
605161
1851453
66931
202373
1058787
490587
1605919
1668724
1487434
1655198
547006
1630342
266220
963295
1005056
137080
942018
1477041
1923827
1060236
14967
850171
886695
381692
243645
986405
1707908
17610
1790345
109045
619357
1089081
0
