17 7 9
17 33 32 26 20 31 23 38 14 33 9 19 9 49 7 40 17
35 46 39 10 20 7 47 5 44 22 31 36 7 23 28 21 40
41 14 36 31 29 34 17 4 36 1 6 47 26 46 43 41 1
40 32 22 16 47 21 46 5 13 37 15 16 10 35 29 6 6
21 33 32 7 20 36 19 46 8 36 22 35 14 39 36 38 19
29 6 39 25 21 37 16 19 12 13 12 3 40 43 17 31 5
6 44 49 9 10 3 6 45 35 44 26 46 34 18 34 16 14
44 38 27 38 18 29 32 43 42 45 23 6 21 40 8 32 38
41 22 13 16 2 47 18 8 46 15 24 11 22 28 4 7 10
45 15 3 37 41 35 39 44 5 2 8 41 13 39 37 8 26
6 24 8 3 39 2 13 12 46 8 31 14 47 4 44 2 35
28 40 7 17 5 15 5 42 20 23 28 12 4 33 30 3 39
7 45 26 13 17 23 47 31 37 11 45 44 14 50 4 44 11
11 22 34 17 8 39 29 43 12 1 31 44 27 37 33 20 42
23 25 43 17 10 36 45 1 30 48 6 22 48 3 35 18 9
16 49 31 23 40 19 44 23 38 41 40 9 46 20 25 48 27
42 6 1 39 13 45 22 11 16 15 41 29 25 46 44 37 27
1 2 6 15 17 16 2 13 3 9 14 2 16 11
14 8 8
27 13 36 41 6 47 9 1 26 44 27 21 1 14
1 46 49 1 44 34 40 7 13 8 39 42 13 20
18 45 12 7 31 26 41 6 2 18 29 8 17 9
42 34 42 42 23 8 10 18 2 3 3 14 44 17
36 21 24 37 3 48 45 39 42 32 46 42 30 41
28 24 35 12 14 25 38 19 1 9 10 18 22 22
24 46 6 22 50 40 3 3 18 11 10 38 19 24
26 36 9 19 8 31 47 16 4 20 12 34 47 5
20 26 22 20 27 7 7 36 31 31 22 22 8 31
8 45 32 28 3 20 22 48 44 10 11 41 37 25
41 6 5 6 13 48 15 4 25 1 7 26 36 34
19 29 32 38 46 44 14 28 6 24 15 17 38 50
11 28 13 23 8 5 45 2 34 29 49 44 13 8
32 26 17 14 42 3 14 40 10 7 13 30 25 24
11 7 10 8 3 10 11 6 9 8 9 14 3 2 7 11
20 8 30
43 13 35 40 15 1 22 46 48 21 21 3 34 10 17 39 10 25 38 19
46 46 31 5 6 34 3 5 15 9 3 20 1 49 29 22 11 10 42 30
24 33 25 34 33 3 37 6 44 34 49 39 5 48 28 49 14 19 35 39
27 31 25 39 38 15 2 43 1 48 12 20 33 37 17 22 5 32 17 20
50 27 25 25 4 11 42 9 16 19 47 22 4 3 31 27 10 32 39 46
6 44 45 10 23 27 3 40 30 25 30 4 7 31 50 10 2 3 39 40
9 41 21 7 45 36 42 23 13 25 50 50 32 8 4 40 45 30 40 41
22 42 8 44 46 40 19 9 25 19 48 44 8 34 13 3 26 29 24 49
13 30 23 41 5 3 3 32 17 2 34 43 37 37 14 15 6 50 41 50
33 45 34 27 33 20 8 10 28 37 28 6 7 27 5 7 27 50 10 47
2 29 28 44 27 2 32 21 47 17 6 23 5 8 23 45 2 23 23 12
1 15 24 5 39 10 14 1 14 43 44 47 8 48 1 19 24 45 2 39
15 10 12 30 8 31 23 46 17 9 2 14 24 22 31 19 19 36 41 21
12 38 6 7 35 38 20 11 25 10 9 15 21 33 16 16 49 12 19 24
27 43 3 9 39 2 26 5 45 5 9 27 20 36 27 48 10 38 28 20
41 23 6 16 29 41 24 41 34 4 25 27 1 27 47 21 29 14 24 19
31 6 12 7 18 8 36 39 45 10 45 29 26 12 50 27 28 12 16 30
22 34 10 23 30 41 41 6 31 49 14 19 1 45 29 40 30 1 14 20
8 50 41 20 35 39 10 28 46 49 31 6 44 32 49 15 35 49 26 18
41 2 8 18 43 3 1 17 26 34 38 46 26 29 7 48 17 23 19 49
7 20 14 10 3 9 11 4 3 2 6 3 17 8 10 18
14 9 11
37 34 41 14 35 7 27 41 35 26 48 50 18 19
29 24 37 41 9 11 8 45 8 25 26 38 30 9
36 43 20 23 41 31 48 27 14 31 32 45 33 21
32 42 4 29 20 10 48 32 4 40 14 2 23 31
26 1 34 5 44 6 44 48 43 26 1 24 3 8
40 1 18 41 45 19 47 15 10 49 37 19 13 7
28 30 46 22 25 11 22 27 42 44 28 10 29 46
10 34 21 9 14 12 29 23 25 28 32 25 47 15
13 29 14 38 46 4 25 3 15 41 6 12 24 4
48 41 44 12 15 40 20 40 6 46 33 49 19 50
23 27 30 4 41 45 34 43 42 36 48 28 38 30
32 17 46 31 14 22 18 3 3 4 11 23 1 19
42 1 9 5 28 44 15 39 26 36 15 30 13 22
39 7 39 6 21 21 35 30 21 17 2 34 3 13
6 2 5 8 14 7 9 6 11 12 4 5 5 9 4 14 12 5
16 4 9
20 36 5 1 30 32 47 29 4 27 32 30 29 8 6 6
16 7 49 10 27 14 29 40 5 28 36 49 26 3 12 16
32 15 9 18 23 21 28 7 36 19 40 35 13 46 19 50
29 33 39 30 35 41 17 18 15 2 8 40 46 7 12 47
27 16 14 19 48 43 1 48 35 33 28 4 8 25 42 18
8 48 37 23 15 44 46 46 35 43 19 15 48 16 5 34
20 44 21 15 24 41 31 19 38 11 9 1 36 33 21 24
38 41 2 9 26 10 12 33 5 9 49 14 50 32 37 50
45 14 16 47 9 15 49 25 23 39 38 9 41 32 7 40
2 34 39 23 32 30 20 1 15 36 42 11 43 32 48 31
35 21 46 6 17 9 39 26 46 13 21 19 25 4 14 3
21 47 48 16 22 29 43 47 43 43 15 17 23 43 11 20
2 23 37 35 4 47 41 10 23 2 32 41 4 2 16 3
1 15 42 21 5 4 23 43 28 9 14 29 28 10 23 20
12 42 22 47 48 27 25 1 27 17 35 35 48 44 46 30
49 3 37 8 27 25 11 1 33 9 40 43 33 47 45 10
6 6 8 1 8 6 3 11
7 4 12
7 40 41 30 46 10 40
39 3 17 22 48 47 25
2 41 3 32 6 23 19
43 10 30 16 33 23 11
48 49 26 22 18 32 26
1 20 34 19 36 31 3
50 35 37 36 17 44 3
4 4 6 1 4 1 4 3
5 3 2
17 44 44 38 45
50 19 44 49 14
49 34 34 22 25
17 14 8 37 22
16 38 44 47 35
2 3 3 2 1 5
6 5 5
23 24 19 41 19 21
32 26 39 28 11 1
10 37 3 29 9 22
1 47 31 43 43 50
17 48 40 13 5 36
28 18 12 34 11 5
6 5 1 5 5 4 6 6 2 5
18 5 18
19 1 28 50 46 18 17 35 34 36 21 22 13 46 28 10 1 49
33 10 43 45 37 25 24 30 3 36 27 41 40 49 15 2 24 34
11 44 13 41 23 41 45 32 2 47 48 16 37 16 18 12 49 27
5 37 29 16 48 46 29 33 46 7 13 11 29 5 28 41 26 18
17 28 49 50 23 40 21 6 20 2 32 1 49 17 13 49 26 25
28 50 41 41 44 25 45 3 38 30 23 37 9 37 46 18 21 2
26 31 34 9 3 6 37 23 24 1 5 13 46 8 43 35 31 3
21 2 21 26 9 49 41 18 27 43 10 39 10 26 20 33 4 11
9 9 31 46 42 46 49 47 3 47 34 3 36 45 48 45 41 25
12 23 38 6 6 36 12 17 13 17 21 45 46 17 17 34 30 10
49 29 36 10 3 41 38 12 42 33 3 49 21 5 13 42 30 40
16 30 34 11 46 22 42 9 31 50 36 4 35 6 34 22 1 50
6 7 28 39 23 37 29 22 25 33 24 41 8 9 21 2 12 47
9 2 22 39 13 3 27 42 4 45 20 25 4 39 50 46 11 23
5 27 4 29 23 39 40 49 17 44 20 37 30 27 12 2 30 17
13 25 5 23 7 8 2 23 2 12 26 40 45 42 1 21 30 36
48 45 32 31 6 4 35 26 17 2 42 34 7 6 22 23 7 31
3 10 34 41 19 3 1 25 22 11 36 45 10 11 12 50 11 41
8 8 10 11 1 16 13 2 8 11
10 4 16
15 11 27 30 24 37 9 25 37 50
1 11 38 1 44 25 46 12 10 2
2 21 33 1 3 4 50 8 37 40
10 50 10 44 25 2 27 28 37 44
22 46 16 9 24 33 14 35 26 5
9 27 37 43 23 7 28 28 16 31
25 15 26 16 42 31 26 38 5 17
18 34 24 35 2 39 40 50 31 16
18 3 40 21 26 41 7 35 4 10
46 26 2 50 27 47 26 28 7 46
8 7 8 3 8 10 3 6
10 10 14
49 33 8 24 23 10 41 23 50 31
41 34 49 4 13 17 12 47 38 21
19 25 41 3 19 36 28 3 44 27
18 25 47 14 23 9 9 8 40 23
11 2 28 37 26 30 5 42 46 46
44 5 50 28 35 47 36 9 11 10
14 11 15 2 34 9 32 23 40 48
19 46 22 44 8 27 50 17 11 22
41 33 22 35 45 10 25 48 48 36
20 16 25 23 25 31 33 20 27 27
4 10 3 1 1 1 9 2 2 3 10 10 7 2 10 3 10 9 2 5
8 6 15
31 21 7 44 29 24 38 45
17 43 32 50 15 11 36 36
5 50 33 11 2 42 11 34
27 39 43 14 29 46 44 26
17 2 38 9 25 11 29 37
4 25 6 42 38 26 22 15
33 30 3 31 40 7 18 33
32 36 42 26 31 17 12 15
7 7 2 5 5 3 8 2 6 3 2 8
20 4 36
8 19 10 24 7 9 43 4 43 9 38 36 13 1 3 26 36 45 49 39
32 46 45 7 31 36 23 50 22 7 44 1 16 15 32 20 18 15 1 32
23 33 22 6 5 20 37 28 15 48 24 25 49 10 15 19 13 48 50 31
43 23 19 25 40 9 50 8 26 23 33 31 15 42 46 24 41 23 28 18
23 26 50 50 46 19 7 31 19 8 29 10 23 16 48 12 22 32 15 8
44 25 25 30 33 30 37 40 15 44 26 33 20 32 15 21 34 44 1 6
31 21 26 15 28 4 37 50 3 27 6 17 13 47 21 12 8 12 45 24
2 15 3 1 25 35 1 9 8 39 39 13 6 48 30 13 1 34 40 27
5 35 12 15 15 27 25 31 1 28 14 25 49 3 40 18 2 38 23 46
24 22 44 30 42 9 39 34 6 17 7 46 7 18 2 45 10 40 50 43
9 25 14 37 43 21 13 27 33 33 8 36 7 45 31 8 33 29 31 12
30 36 22 9 27 17 25 6 37 33 22 15 30 16 23 31 50 27 2 29
47 1 36 26 49 50 29 15 28 16 17 31 31 10 15 29 19 24 42 32
39 10 34 44 6 13 20 34 41 44 8 4 10 22 3 22 40 11 50 30
25 44 13 27 32 13 11 26 4 50 22 49 44 34 13 47 21 12 34 35
46 39 38 28 10 41 45 40 32 43 37 14 39 29 3 16 32 39 21 36
47 13 1 3 4 9 16 29 44 40 15 43 44 7 49 34 28 42 41 19
44 22 32 44 13 11 24 36 23 46 29 26 29 43 21 30 5 10 15 49
8 49 10 26 30 46 35 14 24 46 3 2 26 14 6 27 38 37 27 35
14 41 1 43 9 34 42 32 20 25 35 35 5 6 39 47 32 49 1 14
12 10 8 20 14 20 3 1
5 5 10
24 10 30 17 8
38 29 18 15 25
25 48 33 22 15
38 17 6 3 10
21 41 38 37 32
4 4 3 4 1 5 1 1 4 5
9 3 18
2 8 46 28 16 3 41 18 17
25 8 23 19 24 40 41 13 48
35 35 4 22 33 36 1 11 32
2 41 17 22 9 23 7 40 36
27 49 5 17 37 7 34 5 38
9 32 3 34 15 23 7 36 46
14 12 45 43 15 26 13 39 45
48 29 23 11 18 47 23 36 13
14 30 21 9 18 36 43 50 50
6 1 1 2 6 5
7 5 3
19 8 11 46 18 13 33
36 23 29 6 27 33 35
27 8 6 38 30 21 12
19 16 41 28 44 45 19
3 2 1 41 18 5 43
21 21 36 42 19 4 46
16 45 34 9 17 39 4
7 4 4 3 3 3 7 5 5 2
20 8 32
8 28 24 11 34 4 15 46 31 25 2 16 6 20 7 12 9 29 1 49
24 34 27 8 34 16 32 19 18 26 28 31 45 4 11 46 34 23 13 16
10 15 20 10 12 36 17 35 2 12 15 47 27 46 11 16 49 36 9 38
44 11 48 16 34 50 20 46 48 2 47 30 13 4 27 11 25 33 25 14
25 35 34 32 7 9 6 35 1 6 1 48 16 48 26 29 44 18 27 23
43 26 17 47 5 49 11 38 16 48 14 3 49 4 33 5 45 29 16 29
46 50 49 43 9 39 41 33 19 1 39 10 23 43 23 24 20 33 42 45
17 9 2 31 47 13 39 26 22 31 20 29 9 31 19 45 22 23 41 39
25 26 38 26 45 33 20 44 49 37 16 13 28 14 17 33 11 33 9 39
34 49 35 50 33 42 31 22 17 28 20 30 42 34 4 47 13 17 30 45
5 2 13 39 7 17 1 14 12 40 12 43 24 40 18 1 44 43 2 2
39 11 20 16 26 32 48 24 23 6 38 28 8 45 2 50 12 1 39 35
18 23 48 14 25 13 21 12 12 32 43 10 40 38 33 27 38 41 15 1
4 28 39 3 42 42 42 9 33 6 27 20 22 41 41 40 13 46 4 22
9 21 43 48 18 32 31 39 22 18 42 5 30 49 11 7 33 17 36 46
26 39 29 27 43 11 39 27 50 9 44 43 50 8 38 50 8 12 48 31
19 44 47 7 44 49 28 17 18 8 41 23 33 35 5 1 3 39 1 50
9 8 27 25 31 2 21 41 9 6 45 26 42 38 48 15 4 14 27 2
4 39 26 9 36 47 46 20 27 26 35 4 48 29 35 10 36 9 42 14
38 11 6 37 31 19 18 17 14 26 44 1 41 4 34 50 50 5 1 41
11 1 10 5 12 7 5 4 11 19 5 17 3 3 11 5
13 8 16
44 32 31 35 34 6 6 21 29 25 50 26 35
31 36 28 34 5 15 10 42 26 33 21 10 5
10 10 3 25 42 37 8 43 5 34 18 37 20
23 43 47 31 26 38 21 48 43 40 30 33 23
15 50 33 3 47 25 24 22 33 1 16 37 5
31 8 24 28 50 40 16 35 2 34 33 8 3
37 23 3 24 12 22 18 32 31 49 27 1 42
50 16 42 42 31 48 47 23 44 47 11 3 49
48 31 34 43 11 25 45 19 44 38 31 14 2
46 30 40 39 43 12 40 29 21 38 21 28 37
50 41 10 33 28 26 16 24 25 19 16 14 17
16 35 38 24 30 16 39 22 40 41 10 21 16
10 49 17 36 12 35 46 46 39 8 29 31 14
8 4 10 4 12 13 12 3 5 7 2 9 10 6 5 9
11 6 18
21 47 2 3 13 13 39 11 36 30 6
17 33 19 45 32 27 21 44 48 45 45
25 4 8 4 22 11 49 18 40 47 36
29 20 36 27 31 24 15 44 6 47 6
41 6 33 2 43 38 33 22 47 39 7
37 16 2 3 7 47 20 6 38 26 46
9 50 37 40 34 13 18 19 11 12 38
15 9 9 15 17 32 20 10 48 40 18
14 6 9 43 27 12 13 38 2 23 35
43 31 44 9 49 48 18 6 47 45 40
45 18 39 48 15 1 10 14 48 37 44
11 3 6 4 1 7 8 9 3 3 1 9
19 6 30
29 15 42 41 47 18 44 46 13 7 23 32 18 23 35 38 19 14 19
36 26 5 12 25 8 38 42 7 34 9 46 30 10 28 17 47 35 13
49 12 48 5 17 29 21 25 33 4 23 25 48 47 25 36 9 50 46
46 35 37 10 42 3 20 40 29 34 49 37 27 14 30 14 26 6 7
35 26 8 33 44 30 48 42 11 3 13 15 16 7 39 25 27 5 36
14 34 13 14 32 6 13 7 33 9 39 13 36 37 34 41 40 28 39
26 42 17 44 31 41 41 39 2 23 23 50 14 45 42 3 13 29 14
34 44 14 1 10 16 30 31 6 39 18 42 19 26 22 48 47 43 46
20 43 6 40 8 32 24 40 40 42 6 15 9 27 16 2 32 19 10
34 41 24 48 44 10 8 33 21 21 44 47 5 24 13 13 19 34 45
28 42 47 48 25 26 3 10 29 5 19 41 43 10 34 13 39 32 23
10 38 10 37 28 17 48 14 8 11 9 29 35 28 12 3 20 49 31
37 6 44 24 42 7 7 32 16 34 3 2 46 44 38 6 30 17 48
38 17 45 36 25 11 16 41 8 44 38 47 50 34 11 32 42 41 16
1 15 10 46 39 44 50 10 41 10 49 38 40 12 5 7 18 7 18
40 30 37 50 17 38 27 3 46 5 10 29 4 23 22 17 41 27 25
2 19 42 16 14 50 6 38 47 10 16 34 14 29 21 1 49 17 27
38 34 36 9 46 22 46 37 42 35 25 13 20 7 29 42 41 18 16
42 17 50 20 6 24 10 29 2 25 42 29 4 41 50 50 19 33 40
9 7 4 13 19 17 7 6 14 15 1 9
20 8 18
33 26 9 39 32 18 12 45 1 14 22 17 46 46 7 43 2 28 20 21
40 47 13 22 27 50 9 42 8 16 23 49 47 31 29 12 44 23 28 28
27 24 38 7 6 36 29 9 7 1 34 45 25 42 31 16 26 41 47 7
27 4 44 19 39 11 20 18 34 8 36 43 44 22 1 10 1 6 22 49
22 29 13 16 24 43 37 30 17 35 11 29 26 1 7 1 7 22 47 14
20 35 8 33 50 20 6 7 35 40 19 48 4 16 8 44 11 29 11 11
30 17 45 11 29 46 37 2 36 25 2 8 7 20 6 41 50 25 14 17
47 25 15 30 42 39 33 36 24 12 28 41 1 38 27 39 15 19 23 33
21 31 41 49 48 30 48 46 17 23 18 50 11 12 15 30 21 42 2 24
31 40 45 19 44 16 2 7 30 47 34 12 13 25 45 39 22 36 9 3
32 27 30 29 24 1 13 37 14 5 32 9 43 6 47 34 45 43 36 26
40 18 14 6 28 2 35 31 46 48 22 48 1 13 40 19 49 50 27 29
46 33 45 19 5 3 6 23 25 42 27 25 42 45 49 41 50 15 19 32
26 36 1 41 28 41 19 44 32 10 26 44 28 26 46 50 38 47 39 20
31 36 24 20 27 38 42 50 11 23 3 28 29 29 20 5 44 15 22 15
25 2 40 22 10 12 32 5 50 7 12 39 3 15 42 12 1 42 34 44
28 44 28 12 19 26 29 20 35 3 11 31 11 7 43 8 31 47 19 47
20 20 26 3 38 18 22 49 30 5 4 49 42 46 19 15 30 41 20 36
14 25 5 28 3 3 6 24 1 19 20 4 1 3 40 3 10 39 11 31
42 6 38 9 2 48 36 9 7 5 46 5 39 50 43 8 13 7 32 28
18 4 3 4 14 17 17 6 16 15 17 2 5 3 5 12
12 2 18
24 34 21 36 45 37 35 26 20 16 37 45
6 10 39 26 50 24 48 19 23 33 24 2
1 1 10 17 48 44 45 14 42 9 12 8
32 48 31 43 9 18 17 9 3 12 43 23
48 21 13 41 7 33 32 10 41 17 21 13
41 8 40 43 45 16 23 26 50 7 18 50
25 36 23 3 41 22 15 26 3 49 27 35
18 50 11 17 3 48 18 47 6 22 42 27
1 50 44 18 15 42 50 46 12 17 24 34
41 8 11 32 13 37 40 38 5 27 19 45
44 3 17 1 2 39 11 22 12 26 15 38
36 13 3 42 35 49 13 30 35 43 29 38
6 6 10 6
8 1 10
24 12 31 15 47 44 47 41
48 47 41 25 49 39 1 43
13 40 48 32 27 49 26 11
10 44 28 25 29 48 47 42
48 14 17 5 45 11 37 1
20 48 12 7 10 17 12 26
17 34 42 27 21 35 47 28
32 30 8 17 39 21 17 17
5 7
5 4 10
33 13 28 18 47
42 49 27 47 3
2 27 36 6 18
46 2 2 32 44
25 35 23 36 31
5 3 5 4 5 1 5 2
11 5 18
5 15 7 11 39 30 41 9 32 21 29
45 10 32 17 32 22 46 34 47 15 50
3 24 33 17 26 35 42 39 7 20 9
33 9 10 5 22 13 3 2 32 31 5
37 34 4 9 41 30 37 9 37 17 6
20 23 9 30 24 3 22 7 7 40 44
8 20 43 20 38 24 12 50 1 43 49
31 26 26 41 14 6 27 18 32 28 43
32 25 10 28 14 49 28 41 50 13 18
5 9 30 21 24 19 29 22 16 11 30
9 46 22 15 32 10 7 35 38 39 29
2 7 11 2 5 6 6 3 2 11
15 6 16
22 49 1 13 43 42 20 41 12 11 36 11 31 16 6
46 34 17 46 7 4 25 48 6 26 30 32 43 10 46
10 4 8 10 41 8 26 39 7 19 6 37 38 7 14
48 20 26 12 34 29 45 18 49 22 41 12 42 26 17
12 11 47 6 14 41 34 50 23 44 48 30 43 6 22
34 28 20 30 4 9 23 12 32 15 15 5 9 49 29
28 7 24 49 15 8 21 9 13 16 40 36 21 43 32
22 38 41 31 33 43 18 50 19 2 40 44 40 12 18
13 33 36 46 8 20 29 12 8 4 30 34 34 36 40
37 35 48 43 25 27 21 39 22 15 22 32 10 34 47
48 2 48 31 9 1 6 36 2 9 49 8 4 21 20
43 13 50 5 44 4 49 15 47 12 24 25 42 34 40
44 24 27 14 26 47 3 39 48 15 37 1 29 48 1
27 10 50 13 5 38 41 9 21 49 18 19 50 29 22
34 27 32 22 18 34 20 29 35 22 26 43 22 26 49
5 15 12 1 5 7 8 13 4 14 15 12
18 3 14
31 13 11 40 13 5 18 33 33 11 38 12 43 32 8 31 16 28
12 8 4 34 3 45 48 6 48 47 7 38 9 10 37 14 42 23
24 7 7 25 32 9 22 37 34 14 39 15 49 39 37 29 39 19
7 9 27 7 48 13 46 9 12 45 18 18 44 21 11 29 46 22
35 7 49 6 26 1 4 13 22 28 16 22 28 38 8 22 5 31
39 32 20 16 25 46 4 23 22 11 6 36 18 30 1 40 41 11
10 48 36 37 22 44 48 30 45 5 25 18 30 19 2 26 2 30
8 9 20 22 20 39 10 32 29 1 39 21 10 27 2 20 12 37
11 6 27 49 33 29 35 42 50 9 27 22 9 45 36 24 38 11
6 6 16 8 13 31 46 42 13 2 25 22 17 23 38 17 29 34
48 3 20 29 28 15 49 48 48 31 1 34 39 47 26 46 22 14
37 23 19 11 12 47 46 18 13 8 23 48 25 10 20 17 46 40
11 26 2 43 5 12 25 27 6 5 44 37 16 35 5 14 21 48
29 36 46 39 7 50 11 11 50 39 38 39 4 29 50 17 14 35
4 32 5 2 42 4 39 13 11 32 49 43 13 34 19 37 48 37
6 10 24 35 1 40 22 42 20 35 15 38 20 1 37 27 23 5
22 18 50 23 7 20 37 10 23 3 47 1 42 39 26 1 28 15
28 37 30 19 1 12 45 37 30 35 5 42 50 1 43 3 6 9
18 4 6 8 13 13
5 1 8
26 19 11 25 2
43 21 41 27 34
13 33 23 39 16
44 3 27 32 33
41 4 13 22 30
2 5
11 4 6
13 8 19 49 21 22 47 20 10 12 37
47 27 18 4 25 8 49 37 32 11 25
15 27 49 25 9 36 41 29 40 45 24
3 42 40 34 15 14 33 26 32 15 37
47 6 35 8 10 11 20 2 21 8 9
40 41 34 40 12 35 27 17 1 49 24
9 3 33 14 46 29 43 40 18 50 27
50 4 49 16 38 18 13 22 43 7 45
18 32 24 19 4 17 45 7 23 19 13
22 15 16 13 13 44 25 8 35 17 43
11 23 26 2 35 43 3 35 28 44 8
9 5 5 4 9 7 2 2
16 3 12
8 19 47 48 49 19 12 32 19 16 35 38 45 16 5 31
13 23 28 18 21 7 9 30 41 23 33 9 5 50 30 26
50 31 21 40 20 31 10 19 3 27 45 5 30 38 12 5
49 8 26 15 19 41 7 28 41 38 19 35 2 37 4 26
48 27 34 24 15 50 16 11 42 42 7 8 35 39 10 19
23 32 33 16 28 50 10 39 39 12 22 12 49 43 2 22
10 7 33 21 39 16 7 48 48 36 7 48 44 31 34 40
45 32 19 22 40 6 14 3 41 26 17 33 46 22 15 38
22 17 47 48 45 5 29 9 3 43 7 29 46 18 49 22
17 29 2 22 47 21 41 16 23 47 24 23 46 25 13 2
26 41 38 35 20 26 39 2 35 8 21 2 28 10 6 9
4 43 36 19 13 49 42 24 16 37 6 49 15 43 28 21
42 41 45 41 19 2 5 30 18 41 25 14 11 47 29 1
11 1 11 37 44 4 6 24 50 4 43 15 15 32 17 20
37 24 48 42 35 21 42 50 45 32 40 33 50 4 16 9
48 14 15 7 9 7 3 39 36 6 38 47 40 28 30 42
1 11 7 5 15 13
14 9 16
44 26 39 34 49 4 30 37 37 16 26 17 36 43
20 48 8 21 37 46 17 45 33 18 29 29 7 38
20 21 45 5 46 28 22 48 1 7 46 22 38 7
36 13 37 44 43 1 2 2 20 48 30 8 34 43
2 32 48 16 18 33 20 17 13 48 26 39 29 31
20 22 1 49 37 50 39 39 50 19 7 22 45 6
10 25 30 17 23 18 40 44 48 50 15 46 12 36
30 30 17 31 7 6 44 12 36 4 50 17 24 22
24 4 25 43 22 12 19 31 3 35 33 20 21 18
49 40 41 21 5 23 2 29 40 12 23 40 19 45
17 32 1 29 11 16 23 15 8 42 4 25 29 25
42 39 3 21 2 44 1 30 17 14 45 12 30 7
45 50 48 26 36 4 17 7 9 4 1 17 28 34
43 50 38 19 5 22 31 38 22 17 22 15 4 48
12 1 4 12 1 14 8 9 7 6 12 2 11 14 1 9 9 4
15 3 29
16 37 32 35 32 28 12 29 17 12 3 24 44 19 48
22 41 18 15 26 1 4 50 44 7 9 39 22 37 11
2 3 35 11 38 10 6 9 10 36 12 27 25 2 24
19 23 50 37 49 2 16 38 1 24 50 50 24 22 6
37 44 44 24 24 5 27 13 24 37 17 10 14 34 12
39 9 33 8 21 38 38 36 41 40 7 40 11 23 17
30 17 29 12 26 27 24 7 21 10 17 12 22 29 50
6 24 24 18 43 23 10 27 14 13 11 38 30 39 28
43 38 46 16 49 1 24 9 2 29 27 37 7 4 25
19 40 45 13 28 1 46 40 15 26 40 32 32 39 28
26 26 4 20 12 11 21 8 33 40 29 11 37 25 15
46 9 17 2 30 50 21 31 23 33 49 15 20 37 2
32 45 9 18 14 24 1 19 40 28 47 15 1 15 39
25 9 17 47 41 37 36 13 50 9 25 37 43 48 31
24 44 31 40 46 9 2 48 39 26 43 28 23 20 10
12 10 5 7 5 8
12 8 12
45 12 32 49 30 3 48 48 27 13 34 19
45 28 7 20 18 11 10 49 14 20 9 11
23 14 37 38 11 4 7 9 17 37 19 19
12 4 18 37 24 7 27 17 22 46 39 36
34 41 17 7 36 36 4 2 22 47 28 39
31 21 43 38 15 8 28 27 43 6 38 17
50 35 23 47 10 3 1 9 25 24 2 24
22 34 38 38 26 35 46 8 7 40 36 13
14 21 42 36 26 10 3 6 3 41 23 14
27 37 45 42 8 27 14 22 6 7 47 49
9 18 16 43 48 11 14 25 28 13 14 1
34 18 27 46 14 33 7 49 40 24 41 22
10 11 2 1 10 4 10 1 7 11 4 8 5 9 2 5
8 6 9
8 40 19 7 16 20 37 5
7 26 31 10 21 15 9 16
9 3 46 37 4 30 31 36
36 16 28 16 14 40 7 22
12 46 19 7 29 29 13 42
31 17 31 13 29 43 11 39
14 37 26 23 28 17 25 11
9 47 39 35 32 8 16 39
7 4 8 4 6 5 1 5 5 6 1 6
6 4 3
37 41 36 2 48 4
4 27 40 20 29 22
42 2 36 25 7 27
18 48 3 22 3 4
23 42 44 49 43 8
40 45 48 1 41 34
6 1 1 2 5 5 4 3
8 2 6
8 10 36 16 15 31 39 17
26 14 4 34 34 32 5 15
9 26 45 43 30 5 16 15
49 8 10 28 44 32 27 17
39 13 36 3 36 45 43 25
10 45 32 48 37 9 4 20
25 38 31 43 30 39 48 27
22 50 41 35 15 5 20 35
5 4 4 6
18 5 18
25 21 48 21 14 7 20 20 13 7 16 27 35 11 21 14 27 30
16 18 34 24 26 5 38 31 29 44 7 11 41 8 34 18 17 1
25 26 13 2 39 11 4 27 28 22 28 47 25 3 18 31 43 37
38 1 6 3 10 40 36 16 11 47 22 28 9 33 19 49 32 16
41 5 18 10 40 13 16 9 1 46 2 29 18 20 47 34 2 25
30 40 50 42 11 3 11 42 1 34 26 23 6 21 2 44 30 47
33 15 17 25 4 28 29 32 11 14 41 8 35 34 7 34 14 41
50 46 48 36 26 21 18 15 48 39 4 21 44 18 6 46 39 38
12 7 30 50 2 31 23 17 28 12 3 46 34 12 11 28 48 46
46 50 47 13 20 39 35 38 4 4 15 2 37 50 43 49 24 17
30 47 40 19 18 34 22 24 9 5 42 29 35 8 47 7 10 11
22 27 14 35 17 47 23 41 23 17 33 48 1 34 5 43 27 43
8 37 46 27 30 5 48 7 47 30 41 10 25 48 12 27 36 3
23 28 18 19 10 6 41 37 29 35 21 39 13 36 43 43 43 3
15 29 48 47 41 33 27 9 36 35 3 47 13 19 36 14 17 4
33 24 45 47 19 25 9 3 13 40 20 14 29 19 1 3 28 28
36 45 1 45 11 44 7 24 27 15 49 18 50 26 33 23 37 10
47 6 21 14 43 3 26 49 25 18 22 13 33 46 49 16 37 38
6 15 8 7 9 6 2 16 8 2
7 2 9
26 28 41 49 2 10 40
19 46 20 42 3 37 14
20 32 25 8 40 44 45
23 6 43 30 24 15 40
38 3 7 23 43 30 13
20 19 48 7 50 1 5
43 39 28 13 32 14 32
6 6 7 5
17 9 23
11 10 1 34 30 5 27 41 45 21 47 12 6 37 50 40 22
30 40 13 46 32 44 27 4 11 17 19 35 19 43 28 50 38
1 42 32 5 31 19 47 30 44 36 24 31 40 5 42 20 14
49 27 30 23 29 42 10 50 45 31 24 5 17 42 37 14 38
9 43 34 19 42 6 12 47 1 36 38 47 50 44 45 35 30
36 31 18 12 1 42 28 23 20 28 4 45 3 3 16 28 50
42 6 3 25 31 39 14 8 18 2 12 31 39 4 5 2 17
10 29 49 11 14 16 42 15 35 43 2 4 29 32 22 10 42
5 4 43 39 4 4 41 15 26 50 50 17 1 32 17 7 36
10 6 24 47 21 41 34 42 13 35 44 40 40 14 36 33 20
34 16 11 12 23 5 7 19 27 28 33 17 34 10 8 24 26
8 12 4 27 36 2 37 18 43 48 37 47 21 16 49 2 4
3 2 15 21 8 41 48 42 45 6 19 17 30 4 49 7 28
15 17 18 50 38 39 47 44 48 8 9 35 8 24 24 18 24
4 5 27 19 24 18 1 9 32 22 15 14 5 28 23 35 43
5 11 12 41 40 15 36 6 19 46 33 49 50 25 4 41 23
14 30 38 37 13 30 33 7 29 13 23 39 21 22 46 45 39
13 14 13 7 12 8 1 14 10 7 13 13 7 3 4 11 5 12
10 4 6
22 25 42 5 7 39 36 40 3 24
10 11 23 30 27 22 20 50 19 21
28 48 11 29 44 9 43 30 9 27
35 41 23 21 8 2 46 10 45 23
21 43 14 8 46 19 24 40 4 7
45 29 41 36 41 40 15 2 30 31
5 16 5 14 14 42 39 13 23 24
1 20 45 18 44 1 22 40 4 23
11 27 6 47 43 28 36 45 10 43
30 31 35 43 42 21 1 24 2 6
8 8 9 1 2 7 1 4
8 7 6
31 37 37 20 37 25 1 35
3 37 14 11 39 12 30 12
29 13 1 33 50 3 33 31
32 25 18 42 49 30 22 40
40 35 42 41 7 49 11 37
44 42 47 42 3 29 32 31
18 28 15 49 3 3 47 48
21 25 32 16 39 38 2 35
4 3 4 6 5 7 4 2 6 7 7 2 5 3
9 7 16
35 32 7 17 28 23 24 50 26
23 49 27 43 17 1 14 30 24
14 6 21 1 25 27 14 38 28
16 42 41 47 45 42 43 27 21
8 2 14 41 20 5 14 20 6
14 11 16 37 45 50 28 41 21
19 11 16 42 34 32 1 49 9
32 42 40 5 1 20 29 47 18
13 33 35 9 41 44 22 20 9
3 8 7 7 8 7 6 8 4 5 3 6 7 5
20 1 20
32 22 41 4 21 32 24 42 41 29 5 6 48 35 19 42 19 40 28 22
42 42 30 8 23 44 29 42 27 35 3 26 35 23 41 1 23 50 2 38
31 33 40 28 15 44 46 4 20 33 35 13 39 35 14 44 8 33 26 8
36 4 17 21 22 4 29 44 47 50 10 33 38 2 39 42 39 40 27 17
31 18 40 48 35 44 15 19 11 16 13 32 48 16 16 50 18 23 13 37
46 21 10 5 25 13 49 14 40 39 14 25 11 32 45 20 40 6 48 7
50 46 20 14 2 4 23 6 29 19 20 32 25 18 15 44 36 24 34 39
7 41 21 26 24 8 35 50 10 40 31 40 38 25 34 23 18 35 10 44
9 5 10 6 17 3 45 42 15 42 33 23 47 25 36 23 48 7 45 48
33 46 38 47 31 2 50 13 35 27 2 27 43 28 38 36 36 16 7 6
22 27 35 20 42 14 32 30 12 41 42 43 38 38 19 34 35 31 24 7
47 1 22 49 23 30 10 35 18 4 5 29 12 32 42 20 41 33 10 11
38 5 44 16 33 44 46 11 30 3 8 34 23 49 22 28 23 15 8 27
48 32 47 39 38 33 6 37 39 46 38 30 20 2 22 35 31 8 43 43
36 47 20 7 40 24 3 50 38 49 12 20 43 12 22 31 15 25 22 41
46 35 1 24 22 37 29 14 30 27 37 48 37 21 28 28 31 13 11 31
4 50 13 3 32 1 11 7 11 34 14 44 48 8 44 8 28 13 34 2
11 25 11 8 27 22 33 49 15 44 30 4 8 8 13 34 7 7 36 46
6 40 6 1 12 17 30 38 34 10 20 43 19 37 37 40 15 21 18 49
9 47 41 32 11 22 43 13 16 9 48 40 26 31 25 4 38 12 39 2
10 4
6 4 3
10 14 20 5 43 13
2 37 29 25 28 43
31 14 18 45 44 5
46 23 32 28 22 40
2 43 3 8 38 39
31 29 13 45 29 33
2 3 1 3 2 1 6 5
13 1 18
24 45 14 16 13 21 2 40 46 7 4 6 15
23 39 47 7 35 26 18 41 13 12 29 29 30
15 38 6 50 33 36 12 45 8 22 38 12 5
46 17 46 49 28 20 14 9 7 44 16 41 14
20 17 4 7 10 35 32 17 46 9 6 8 49
13 40 33 16 15 9 29 13 32 40 32 7 24
28 35 12 1 27 42 37 40 9 38 46 9 45
25 24 47 34 35 13 46 14 23 15 40 32 41
4 50 27 39 44 30 3 35 21 13 21 11 2
21 32 49 5 36 40 50 26 20 37 35 12 15
43 2 31 8 45 46 14 29 19 38 20 19 1
46 40 23 18 43 6 1 39 2 30 4 10 6
4 17 20 47 5 5 6 15 38 40 3 41 21
6 10
19 1 26
44 39 47 32 47 26 19 40 2 16 23 23 21 11 27 13 26 4 2
18 50 39 35 14 20 10 39 1 47 26 17 16 2 3 40 12 48 29
39 10 15 40 47 22 20 42 26 33 45 50 5 33 31 15 18 17 3
24 37 20 37 17 15 45 20 22 34 19 18 25 32 8 45 5 27 13
42 12 44 44 14 18 24 42 34 29 42 29 45 40 50 27 14 50 35
29 22 7 48 14 40 31 20 38 49 7 2 3 5 44 45 45 15 36
28 42 21 33 7 6 31 19 47 32 30 4 20 35 42 36 31 24 40
31 9 43 35 15 41 4 29 37 16 16 38 15 44 3 19 8 25 22
27 23 10 38 25 30 9 27 11 15 3 24 30 43 30 8 44 22 17
39 9 47 46 20 3 13 34 19 17 16 6 30 8 35 32 48 21 12
20 33 7 1 14 15 24 35 12 24 22 15 20 13 41 33 49 4 44
25 17 19 25 18 6 41 4 1 38 9 15 36 1 35 47 9 38 40
19 43 12 11 38 32 3 42 32 39 20 36 16 44 46 44 23 8 14
15 10 10 18 34 31 20 29 19 13 22 14 9 30 31 11 33 15 49
28 25 18 14 23 42 20 30 44 9 45 28 25 29 27 47 14 40 4
17 37 34 48 4 43 31 37 4 27 40 39 12 2 1 39 17 12 5
3 18 22 2 46 20 26 7 25 27 48 22 49 14 45 16 11 39 29
25 21 29 35 48 10 37 7 48 50 19 29 40 8 9 20 35 16 42
33 22 50 44 27 37 22 50 5 24 32 1 8 10 9 43 17 18 9
8 6
16 6 29
33 15 49 16 38 3 33 43 13 35 32 24 12 26 31 32
14 29 35 25 45 20 15 8 34 47 30 27 40 47 18 21
6 7 50 10 42 15 32 35 12 4 30 12 34 48 31 9
2 16 12 13 39 3 22 23 50 31 20 22 37 22 21 6
20 41 26 5 45 50 32 40 41 21 38 23 28 7 48 8
44 2 10 35 37 24 16 2 6 36 7 43 20 28 25 19
21 31 4 49 16 18 45 22 27 21 4 6 5 3 21 37
9 48 4 20 38 50 17 39 47 15 42 34 21 36 14 14
9 40 29 25 46 10 6 17 48 47 47 25 21 44 22 19
41 28 22 42 13 41 2 49 42 28 10 21 5 9 15 34
9 31 20 38 3 29 46 29 35 10 42 33 25 6 39 39
16 30 41 27 36 21 36 15 3 2 18 40 26 45 10 15
15 42 40 27 39 33 49 12 10 43 4 48 16 7 38 1
16 38 8 5 42 3 13 16 10 14 22 27 34 27 6 24
38 6 21 42 25 8 33 21 4 5 4 19 20 46 3 11
7 24 23 19 11 30 43 28 49 13 42 48 16 6 8 27
5 7 1 4 11 2 15 6 6 16 1 16
7 5 11
17 9 17 22 28 8 48
26 45 1 47 19 36 45
20 27 39 21 32 46 20
4 2 32 47 9 8 43
3 14 17 15 8 41 34
15 46 13 33 19 28 19
30 47 31 40 48 37 27
6 2 2 3 6 7 2 2 1 6
14 4 8
36 28 27 35 22 14 9 19 6 9 4 22 4 9
42 5 34 8 8 47 4 8 10 25 40 20 2 29
7 13 39 47 39 33 36 1 15 11 1 37 29 17
19 39 39 12 33 39 26 21 7 11 8 36 10 31
10 1 39 3 20 14 8 17 17 29 32 15 18 44
39 36 28 30 20 29 15 39 35 27 7 27 26 13
8 48 24 41 42 42 37 16 43 48 2 33 44 5
2 46 27 23 13 46 14 22 28 7 3 47 32 28
20 18 25 39 18 25 38 10 41 9 2 5 12 3
21 39 24 34 30 28 13 26 4 23 50 44 33 25
43 43 30 37 39 26 37 17 39 38 8 41 12 19
11 41 43 36 49 38 48 35 26 17 9 42 37 6
20 28 20 49 28 40 1 32 14 34 19 13 1 49
39 44 33 20 7 27 48 49 24 47 25 24 47 39
1 1 4 6 12 14 7 14
8 7 5
27 22 41 15 22 22 46 23
24 10 21 22 6 17 22 47
41 18 41 19 10 27 38 26
15 39 7 15 18 29 41 9
19 9 18 4 1 16 24 22
43 41 8 45 29 41 4 18
10 32 14 15 22 6 7 17
32 30 20 27 48 24 38 35
7 4 3 8 7 5 6 5 2 3 3 2 2 5
13 6 11
17 14 7 19 50 25 26 22 30 47 7 43 5
36 16 11 30 13 38 24 49 18 3 9 1 45
24 29 19 43 49 37 20 45 41 22 12 43 1
38 19 11 2 29 29 8 28 43 45 42 31 50
6 3 30 44 46 28 15 18 9 38 31 29 6
42 23 45 27 35 20 32 31 29 21 37 20 6
8 7 5 16 45 28 29 5 38 30 42 2 35
12 10 50 43 27 36 44 22 11 45 22 11 16
31 26 11 7 24 11 30 7 46 10 22 50 3
45 8 20 20 18 12 38 43 14 26 31 46 36
2 18 41 50 26 37 8 20 24 35 36 25 19
19 6 29 45 15 19 31 2 16 2 8 2 22
28 10 20 3 7 7 20 30 20 48 9 28 17
13 8 7 10 5 7 13 9 5 10 13 6
18 4 31
41 12 43 30 19 9 7 37 12 9 17 50 19 18 7 21 8 1
13 5 37 45 21 34 3 18 39 42 32 28 8 11 17 44 46 13
15 39 21 12 3 4 1 13 7 47 44 4 32 6 20 13 33 23
46 41 28 11 50 16 46 33 45 36 38 11 30 25 13 4 34 49
40 40 28 37 46 32 10 27 40 33 33 44 5 12 37 11 21 40
11 40 27 24 42 40 28 43 27 19 14 26 27 38 27 33 46 15
47 30 6 1 44 44 38 31 34 3 21 22 50 50 21 31 41 46
37 49 19 49 37 34 5 4 5 45 19 12 18 48 16 43 6 7
37 13 3 20 28 17 6 33 39 3 2 48 9 43 15 6 28 9
46 50 38 48 39 23 5 14 15 31 50 37 6 34 15 33 30 11
30 39 24 16 9 8 20 32 33 43 46 4 26 14 28 30 38 9
49 25 3 36 1 33 16 35 38 24 2 50 9 6 34 7 15 45
46 11 25 24 14 5 27 13 46 49 10 46 15 31 40 27 20 23
11 48 47 18 20 45 26 24 16 16 46 13 27 43 41 9 26 19
49 14 11 3 21 43 22 43 39 44 3 19 13 32 9 42 3 46
11 36 14 24 30 28 15 34 9 49 12 44 31 34 40 10 46 2
39 3 26 9 4 13 44 37 25 14 31 1 50 26 34 35 8 17
30 4 50 21 31 4 32 9 45 9 45 40 23 30 21 43 4 6
4 11 9 7 3 14 7 1
12 6 21
36 26 36 13 15 26 5 32 32 2 29 13
1 13 15 20 39 34 11 6 32 49 39 26
26 12 2 4 5 7 32 39 7 5 14 26
21 18 4 49 39 41 33 38 50 44 31 34
35 48 44 21 42 7 43 22 50 17 2 18
4 43 3 26 23 1 31 37 23 12 16 50
48 12 33 39 40 11 18 44 29 30 9 14
18 12 45 8 43 15 9 6 18 29 31 23
42 1 10 13 23 45 16 3 2 17 12 37
3 29 17 23 38 7 41 42 25 18 21 26
22 25 23 21 13 34 20 43 46 32 47 13
4 3 18 23 11 40 48 38 31 20 25 16
1 12 3 7 9 5 5 10 11 5 1 3
16 2 26
24 44 22 34 46 21 46 39 15 47 48 33 16 17 2 33
11 21 46 34 48 14 40 17 23 16 26 23 35 25 21 22
43 28 26 19 15 42 35 45 7 18 6 22 30 10 35 32
35 6 17 14 11 8 18 21 36 2 22 33 1 10 24 31
7 39 16 25 43 15 17 4 1 39 23 35 37 44 18 21
2 33 50 39 1 37 25 16 30 44 43 31 19 9 25 2
14 15 28 49 43 5 6 44 20 5 22 46 9 28 8 8
14 7 12 13 13 35 24 6 34 16 43 44 18 50 46 13
33 13 18 6 14 40 45 45 31 16 5 38 23 49 1 38
20 43 12 14 2 35 42 45 30 50 48 46 40 41 34 23
40 15 26 48 9 39 24 49 33 33 11 32 5 14 32 24
31 48 39 27 17 12 48 1 42 32 17 3 5 39 42 47
3 23 36 31 28 37 41 32 50 8 13 43 4 24 25 17
23 34 39 22 9 22 10 8 47 23 6 18 23 26 7 21
38 10 25 33 19 17 23 11 37 4 8 13 31 6 21 15
17 29 11 28 41 14 36 34 36 30 12 32 45 9 31 31
7 6 12 2
7 6 8
25 32 26 40 34 26 3
38 21 10 11 17 41 45
11 38 11 30 50 7 39
48 23 40 40 15 35 41
40 26 21 9 38 34 39
29 34 7 26 25 19 22
29 37 43 41 21 25 30
4 4 2 4 2 7 1 7 2 6 1 6
16 3 26
34 12 38 42 36 29 15 15 36 27 31 41 12 3 40 34
18 19 33 7 2 32 18 28 3 46 17 31 3 35 31 49
31 38 34 22 42 44 31 28 35 18 40 3 5 6 15 13
14 18 42 42 21 42 35 12 35 26 15 16 33 6 2 49
24 1 12 20 26 31 4 10 43 45 24 49 39 8 20 10
25 43 45 27 43 32 31 21 47 37 11 16 23 21 40 11
37 27 48 25 22 21 48 35 27 10 29 6 42 45 20 25
13 2 45 34 50 29 15 20 1 43 1 19 40 1 4 39
16 33 22 24 23 6 33 50 38 18 2 9 4 5 36 22
5 38 47 18 10 23 41 38 42 16 39 1 28 35 22 28
48 26 44 25 30 44 8 34 1 29 17 44 8 23 5 32
22 34 26 25 7 35 40 1 12 27 42 26 23 3 4 48
40 11 23 12 30 19 40 31 42 46 21 50 20 42 7 24
12 32 3 45 30 28 18 24 13 1 24 16 40 34 8 14
25 20 11 2 27 40 24 40 30 12 38 27 19 13 36 43
18 23 41 39 21 25 39 39 45 46 38 27 47 50 8 25
7 16 7 2 11 8
12 8 21
16 49 8 9 10 47 18 50 21 9 50 3
37 44 37 46 33 25 11 25 30 3 17 30
24 41 20 25 40 28 34 5 27 31 48 20
16 2 27 19 39 29 37 38 31 25 44 22
47 23 39 9 23 20 37 30 10 34 14 20
6 30 9 17 8 11 24 33 46 31 38 3
36 39 12 44 46 27 41 13 18 1 41 38
23 1 43 41 21 22 7 42 13 6 35 25
3 25 46 37 19 16 9 36 7 23 36 14
45 13 42 49 48 34 27 42 11 28 49 41
2 18 17 6 1 29 19 18 50 24 3 27
49 3 40 3 13 39 1 10 6 13 33 42
6 2 7 7 11 3 4 12 12 6 3 9 2 2 11 4
20 9 29
39 6 28 37 33 15 33 46 22 18 33 25 29 7 37 1 42 49 27 6
23 19 35 48 4 4 24 12 7 16 23 34 3 49 22 36 16 37 15 21
6 44 49 6 4 7 21 32 25 41 45 26 32 22 23 41 3 50 9 29
6 35 22 9 27 22 3 29 27 40 12 23 30 30 16 23 38 40 50 1
44 37 15 50 35 5 16 6 39 12 27 29 16 50 44 20 40 43 40 7
1 32 41 4 2 10 45 42 48 4 46 31 9 13 28 10 41 3 14 11
36 46 2 14 5 10 35 50 1 13 26 50 41 48 46 36 43 47 47 31
45 40 1 46 30 34 26 18 2 50 29 46 47 12 32 13 5 13 30 2
21 25 8 44 26 12 25 40 47 35 48 28 20 12 27 36 18 42 34 8
27 48 47 6 23 41 1 50 35 31 19 47 25 37 29 41 32 23 31 33
33 16 2 24 15 16 20 17 28 28 18 19 9 2 16 9 40 32 14 36
36 43 32 32 4 40 43 36 31 3 2 45 47 40 7 44 15 37 5 35
16 10 28 37 43 42 47 50 20 10 41 42 14 17 40 37 30 19 18 10
44 17 15 36 46 27 14 16 44 3 33 50 9 18 38 24 15 17 15 48
2 34 39 46 5 32 18 35 14 2 23 25 27 29 36 24 28 46 50 47
50 17 18 35 19 44 22 37 19 1 47 1 24 46 8 25 23 39 32 31
46 24 36 10 11 2 26 38 16 7 49 9 13 20 18 30 39 47 17 15
20 4 34 10 15 39 23 22 43 37 13 31 8 41 32 17 13 26 27 3
28 4 25 5 30 14 42 43 21 2 10 29 33 47 30 44 27 33 3 9
10 15 32 49 5 3 5 35 2 1 35 21 43 5 24 3 14 31 36 5
15 11 17 1 2 2 19 7 1 8 18 13 16 6 10 10 8 12
10 9 7
16 32 44 36 36 33 16 4 15 29
1 9 49 3 11 29 16 31 7 43
46 47 21 44 35 28 42 37 29 49
37 16 16 5 18 47 25 31 26 43
12 19 46 19 39 17 1 14 15 15
30 1 6 26 21 5 32 1 46 24
29 43 32 4 18 37 44 18 13 12
39 36 17 17 33 6 7 27 25 34
5 50 23 42 40 17 17 28 29 29
27 27 46 27 17 7 10 49 35 34
9 10 2 4 3 7 1 1 10 7 1 4 6 4 9 5 1 6
6 2 12
38 12 23 36 35 18
27 7 45 32 45 10
28 39 1 23 12 38
31 22 1 1 18 14
34 37 36 49 12 46
26 39 31 37 32 13
2 3 4 5
16 9 21
34 19 28 17 19 32 39 7 48 45 4 1 49 18 25 34
42 42 26 13 42 46 4 25 37 34 43 2 44 44 21 32
16 24 35 22 42 38 40 4 46 3 15 29 27 32 47 18
19 39 6 2 17 6 7 16 35 48 37 21 15 11 32 27
50 8 23 4 6 10 8 7 25 32 25 12 21 32 2 35
50 46 13 20 22 44 38 42 16 11 25 33 38 19 18 7
25 34 49 42 23 6 47 17 24 14 38 44 28 44 49 23
6 1 41 31 45 48 2 16 5 42 19 44 8 37 17 28
4 17 49 7 45 46 37 25 14 35 24 14 10 30 5 35
25 48 8 33 12 34 8 29 14 12 47 48 21 48 11 39
1 45 46 20 28 27 3 13 36 5 32 12 48 15 30 45
47 30 1 26 8 17 14 38 25 13 6 7 8 26 48 47
47 14 20 1 8 24 34 15 37 2 25 3 9 7 9 45
5 29 24 14 40 11 45 46 44 18 6 42 44 27 21 46
19 42 21 37 36 49 8 44 16 13 26 27 10 39 5 48
16 15 19 46 48 28 19 27 4 41 4 26 26 18 2 26
2 14 3 4 4 3 8 1 5 16 1 13 7 8 4 1 10 2
11 4 19
24 35 22 46 23 47 43 46 40 1 28
25 25 38 31 27 21 10 1 14 14 26
26 9 48 50 32 50 18 43 42 36 35
3 27 21 13 2 27 21 12 8 42 16
48 21 26 44 21 21 12 13 50 38 16
25 7 25 50 38 36 41 39 16 48 49
20 1 12 38 20 24 21 33 22 38 27
48 29 12 23 6 16 24 44 24 13 3
21 33 45 41 7 24 17 37 41 2 6
18 9 29 18 19 5 35 5 39 9 38
8 5 35 16 39 4 9 36 22 45 7
2 3 5 9 6 3 10 3
20 5 17
45 35 49 1 19 14 23 13 25 32 21 17 1 39 10 17 15 20 20 9
16 21 10 36 6 7 32 22 40 6 15 43 44 19 11 3 18 1 2 6
20 17 43 21 28 27 9 42 43 40 45 34 42 8 39 27 29 23 20 37
31 7 29 45 28 8 28 7 20 29 17 11 26 39 9 37 27 13 9 11
34 6 15 13 24 20 19 30 32 33 39 3 22 18 19 28 46 36 32 38
2 19 28 2 13 47 45 6 16 19 42 33 42 15 2 27 6 38 34 15
6 17 43 7 38 25 43 46 25 8 29 6 1 18 11 23 32 16 14 19
23 13 50 10 10 42 32 14 32 12 10 21 18 44 1 10 17 41 5 41
29 33 35 16 28 48 16 29 42 35 4 44 24 7 28 18 37 38 5 42
32 23 13 6 12 5 2 28 8 22 38 21 8 44 11 22 20 34 8 35
9 22 27 41 12 45 10 3 22 20 50 13 16 19 29 1 34 17 35 50
8 40 41 1 14 12 46 37 27 2 9 29 49 26 29 33 30 21 47 49
34 43 47 44 29 31 6 18 5 28 41 13 50 47 42 6 6 23 6 25
45 26 46 27 13 22 32 3 21 33 9 20 19 37 47 45 1 9 4 11
36 18 21 26 39 17 26 46 15 13 22 31 41 21 12 2 49 18 10 49
18 15 47 33 50 38 43 26 43 8 27 30 29 27 43 27 6 1 14 20
1 15 38 44 41 44 50 9 12 25 11 13 28 47 40 34 3 12 2 3
39 45 9 18 18 18 50 39 27 13 5 6 2 20 14 35 34 43 2 43
21 45 34 5 35 21 15 40 35 5 29 31 31 36 37 46 41 37 29 37
37 30 16 50 50 38 7 35 36 4 39 42 3 4 28 39 27 31 14 2
11 1 19 4 7 16 14 19 19 3
13 10 19
9 46 19 13 45 2 48 48 12 28 36 15 45
24 44 4 43 10 26 30 26 7 25 20 4 18
15 10 25 37 43 12 21 49 15 33 4 24 26
27 2 16 5 24 43 11 32 48 35 7 46 35
50 7 31 34 24 31 42 2 11 34 12 29 14
45 32 9 28 20 33 4 30 11 13 32 5 9
25 37 7 15 27 49 32 20 42 20 34 8 5
47 29 28 45 48 25 13 9 23 5 2 17 45
45 15 21 6 10 43 15 33 27 4 19 1 50
5 50 39 28 39 5 25 34 36 36 3 47 40
5 49 8 13 5 45 27 47 40 38 48 37 49
3 26 21 38 46 25 43 1 32 35 20 24 31
46 4 17 1 19 19 16 12 43 20 15 36 7
8 4 2 1 9 3 9 9 8 7 3 7 13 13 8 13 3 2 11 4
12 2 15
9 50 49 40 50 4 28 18 19 34 36 18
36 40 44 31 26 46 17 36 22 25 43 47
46 5 48 38 7 31 5 9 22 24 5 27
45 18 47 26 12 20 33 20 38 4 34 20
34 10 31 13 28 41 43 3 46 45 14 19
38 18 5 47 41 37 29 48 11 45 39 18
6 21 4 11 12 28 22 22 1 5 10 42
43 24 46 23 28 2 24 45 5 37 38 23
42 39 22 10 30 7 50 48 45 48 44 40
36 29 9 47 29 25 31 36 20 47 48 44
42 32 14 28 21 2 32 27 10 39 19 21
14 8 13 9 47 38 27 3 41 49 47 32
12 5 11 6
15 8 10
1 50 2 24 42 18 27 44 38 15 25 15 37 45 5
38 7 42 18 38 2 26 19 46 24 26 12 24 25 39
38 46 8 48 36 49 28 22 17 22 7 40 12 29 16
13 7 29 45 11 1 44 40 12 23 48 4 48 20 16
11 6 35 48 21 31 40 6 37 38 21 2 3 21 8
7 27 31 25 37 23 18 39 37 37 3 16 41 18 13
43 43 47 36 1 48 41 34 32 43 1 49 33 2 1
5 12 42 24 30 32 36 7 50 26 11 36 47 48 30
12 24 30 11 5 30 2 30 25 40 6 4 50 30 38
6 8 37 10 43 29 11 47 37 3 8 3 28 24 22
8 24 27 32 40 7 4 13 8 12 30 1 32 27 35
9 39 41 2 47 9 45 47 44 26 8 8 33 35 15
46 16 39 2 8 43 50 6 3 50 42 40 21 13 24
8 21 9 21 15 38 4 44 34 35 32 7 38 9 43
44 38 21 31 10 33 12 32 42 23 9 3 45 11 45
1 12 6 4 5 10 11 15 5 6 6 10 7 5 14 15
20 5 39
10 44 17 13 2 32 50 20 47 49 31 1 7 24 47 16 39 42 36 16
25 13 42 50 25 7 12 17 7 19 11 36 9 37 48 30 27 25 27 15
36 6 47 6 28 21 20 32 27 49 27 23 26 31 26 16 3 8 19 21
34 4 21 20 21 32 5 40 37 9 3 40 46 7 26 16 1 19 15 20
7 47 25 27 18 5 50 45 1 15 19 36 2 5 46 33 38 18 10 15
14 16 19 50 5 6 15 30 5 2 32 49 9 49 23 28 25 42 22 50
30 9 40 42 39 1 49 13 28 14 49 42 5 18 34 8 39 20 30 44
25 46 13 25 16 7 27 4 5 21 22 20 44 11 9 40 2 16 41 45
42 43 6 19 3 15 12 28 41 37 27 44 22 42 8 31 39 5 43 25
42 31 48 39 4 7 11 31 45 27 50 49 17 14 45 27 20 11 6 7
30 41 2 19 45 11 41 9 25 10 15 45 8 25 10 13 11 32 24 37
40 7 2 49 45 25 2 27 18 17 21 50 46 33 35 36 6 14 23 48
43 5 23 3 16 33 42 44 26 49 6 39 42 5 33 5 40 20 3 25
2 37 33 26 27 7 23 14 43 49 32 50 12 3 5 13 36 9 36 18
38 29 15 12 26 31 8 18 18 48 42 27 5 41 42 36 33 25 24 40
7 7 10 41 19 15 29 38 44 13 14 32 13 40 13 13 18 28 17 35
35 49 16 17 37 31 40 40 9 43 49 44 32 16 2 42 22 5 41 31
26 12 30 3 3 29 46 15 15 40 35 46 42 49 15 45 26 1 42 16
31 14 33 50 35 45 33 45 46 25 41 48 23 34 32 6 3 32 16 8
13 33 30 9 20 43 8 38 47 46 43 43 35 36 48 4 43 22 3 18
3 17 11 13 19 20 17 15 5 19
14 2 10
31 23 48 14 49 2 7 33 25 34 38 13 37 22
28 30 22 18 26 48 31 50 47 6 28 36 47 17
48 13 13 9 10 42 24 41 32 44 23 50 30 17
20 49 4 29 21 23 39 16 23 2 41 9 14 5
23 28 11 47 13 6 25 37 21 17 37 23 12 25
44 48 1 37 46 48 10 7 3 31 2 15 33 15
46 30 48 22 23 28 36 23 21 38 50 15 5 18
20 49 43 9 1 14 49 22 19 44 30 9 11 8
48 33 46 44 37 33 49 6 10 25 27 26 3 30
43 38 20 25 7 12 14 36 23 26 40 42 9 46
34 49 19 24 40 27 34 49 28 17 22 42 37 2
27 3 19 38 30 45 27 46 16 9 8 48 16 49
26 9 17 37 34 45 31 48 13 18 20 14 15 33
24 42 50 16 3 47 40 20 20 39 32 35 19 36
6 2 7 7
5 2 7
7 43 6 14 18
47 28 39 32 3
41 27 1 47 24
6 30 45 19 13
22 30 26 32 1
3 3 1 4
15 10 16
49 40 13 37 15 39 5 13 22 17 1 15 31 27 28
22 34 47 9 32 49 9 5 41 34 45 38 17 45 13
48 23 21 19 6 27 35 6 33 42 27 15 17 11 9
16 12 7 15 19 17 3 36 7 27 19 40 40 21 50
7 5 26 47 5 35 11 43 2 43 31 40 15 12 28
28 19 39 25 28 32 6 9 19 5 8 29 29 46 19
30 41 38 21 36 16 17 11 31 1 28 7 46 42 11
15 44 2 32 31 35 43 41 24 23 33 41 38 47 38
44 30 50 21 42 18 15 48 3 49 35 40 22 6 11
29 21 9 40 35 28 30 47 43 6 42 9 31 10 5
28 18 30 4 35 22 33 27 3 33 19 50 46 37 43
48 18 37 47 48 44 1 37 9 17 43 10 47 19 29
29 39 32 20 1 32 8 9 12 8 4 16 27 3 13
25 46 13 5 33 14 19 35 33 39 35 14 40 48 26
44 10 48 6 42 8 40 28 38 16 20 37 1 7 30
1 12 11 10 4 9 1 1 1 14 10 7 6 4 2 9 8 6 3 6
11 5 9
7 10 23 8 2 1 42 39 6 18 48
18 28 37 31 21 10 24 7 40 33 14
14 36 41 12 9 37 44 19 10 10 19
48 40 4 13 14 46 12 25 45 42 50
17 20 36 15 3 10 9 13 44 25 2
38 30 6 28 8 46 36 41 3 24 27
16 8 7 36 30 9 10 36 28 30 47
18 36 46 4 39 22 26 39 22 13 23
23 35 27 31 14 30 42 24 39 26 26
13 10 26 15 16 13 20 1 4 28 36
30 7 47 22 3 41 19 40 14 13 15
5 11 2 1 9 1 2 11 3 5
17 2 21
15 30 3 12 34 41 44 50 20 40 38 50 41 12 17 16 2
36 24 29 2 8 4 38 42 22 7 33 24 32 25 25 17 18
25 13 37 1 32 9 43 26 18 42 20 34 18 46 40 9 25
33 48 5 38 4 44 24 31 19 15 7 29 35 11 44 39 35
10 11 23 47 22 2 32 31 13 50 5 41 12 38 15 27 42
45 10 32 2 42 26 11 14 39 34 5 26 4 36 38 2 11
33 31 20 19 36 36 31 8 41 38 2 2 13 39 23 4 12
49 34 37 43 29 39 5 46 34 21 21 33 46 43 23 22 44
18 39 24 29 36 14 44 28 3 22 24 43 27 7 42 42 50
46 50 47 13 9 42 31 36 47 29 20 50 36 23 35 12 3
15 46 49 19 46 22 6 30 9 28 50 33 6 13 5 33 12
5 18 26 50 47 14 33 34 6 21 8 43 1 38 50 11 10
1 9 10 12 19 12 14 37 39 49 3 39 12 21 21 27 33
38 45 47 49 34 12 49 42 46 37 21 34 19 10 26 43 30
8 12 17 50 49 11 48 41 24 29 20 16 3 29 25 47 41
1 20 13 33 42 6 39 16 23 15 12 17 6 22 11 38 42
38 6 7 5 46 42 36 5 37 14 26 16 36 24 43 7 6
17 11 11 14
17 4 22
3 5 48 5 2 29 39 43 23 44 8 43 19 8 44 5 10
43 13 15 35 3 42 50 32 49 8 13 13 30 16 37 10 48
14 46 16 13 44 12 14 6 16 11 30 8 43 48 35 20 30
23 10 12 11 17 17 42 40 19 35 20 15 10 12 2 4 29
11 32 43 42 42 9 8 22 24 28 13 6 18 13 11 36 32
5 30 37 30 44 19 3 26 23 2 18 15 13 47 44 6 16
10 25 42 29 8 5 39 25 20 38 36 17 41 38 47 42 40
35 32 28 47 32 47 37 49 49 42 12 46 15 31 4 7 45
39 21 47 11 8 28 5 31 10 26 12 41 4 47 34 15 33
12 6 40 27 45 48 43 12 11 22 18 23 28 15 19 12 50
34 37 39 28 6 45 16 12 13 34 21 19 2 44 40 27 14
19 21 48 39 31 12 40 16 33 2 6 41 36 40 35 46 28
4 18 45 47 21 3 2 31 45 44 26 42 47 26 15 27 46
40 24 10 27 49 20 24 24 5 24 11 47 5 42 24 39 34
15 44 25 3 7 46 14 10 25 11 14 8 32 45 47 16 13
26 12 1 25 33 4 39 41 2 7 31 47 12 37 37 45 50
30 2 12 17 31 50 33 18 34 48 14 23 40 27 33 5 6
14 12 17 17 17 3 8 2
7 4 9
49 31 33 20 40 20 42
12 50 9 43 47 3 48
10 50 45 11 19 3 21
37 26 28 11 3 11 28
5 40 22 35 31 37 42
48 22 34 45 11 10 1
32 12 16 1 45 48 21
2 4 5 5 7 5 3 6
11 2 11
17 14 9 35 1 17 7 31 28 39 38
21 33 40 44 13 2 33 50 49 46 17
18 7 20 46 26 1 34 49 26 6 11
16 15 10 21 34 25 15 26 50 28 21
23 16 42 19 19 24 11 2 5 26 29
15 16 22 37 8 10 24 12 24 42 38
15 26 43 16 16 32 3 28 43 4 22
46 33 4 49 24 44 7 18 47 41 1
49 40 46 1 19 29 49 30 14 4 24
26 36 25 7 8 28 43 6 15 10 36
25 41 14 2 47 50 40 18 5 37 9
3 1 5 5
7 4 6
5 14 25 50 29 2 2
48 25 17 14 5 37 7
37 35 17 7 30 28 21
14 35 25 22 3 28 1
28 48 33 33 39 40 50
1 4 1 15 19 41 14
2 20 8 44 15 28 40
3 4 3 5 7 2 7 4
16 1 31
2 5 39 50 18 38 19 28 34 42 11 29 27 26 20 40
17 2 17 46 24 50 12 22 22 30 23 29 36 44 28 12
49 46 50 32 50 23 19 12 13 37 37 31 12 27 2 49
42 1 31 11 16 35 16 29 31 48 39 26 9 45 27 49
5 34 2 35 24 17 34 33 22 11 28 22 16 47 6 29
2 42 7 41 24 3 21 26 47 7 38 11 41 45 6 27
36 28 8 28 25 12 26 5 28 21 38 27 10 21 15 25
33 26 13 7 13 21 1 32 46 25 27 44 26 33 32 28
9 29 21 18 11 44 37 36 48 15 42 50 12 5 25 12
31 12 14 20 48 43 25 10 11 41 4 11 13 8 5 19
23 30 12 33 6 29 37 14 28 26 25 9 39 34 40 25
7 12 15 32 28 25 2 17 11 27 46 35 31 12 8 35
33 44 17 29 34 28 40 20 45 9 19 35 26 25 2 19
49 34 3 38 33 17 15 4 46 30 50 35 6 38 38 37
24 3 50 34 46 37 11 15 16 44 28 21 17 3 16 40
34 20 5 49 16 39 21 12 26 21 5 17 42 20 45 21
3 11
5 5 10
19 42 30 30 7
29 50 31 4 2
9 27 12 8 1
16 26 49 27 41
48 35 1 23 50
2 4 5 5 1 5 5 4 5 3
10 7 20
3 42 30 32 6 41 2 34 38 23
48 45 11 22 22 50 30 24 9 26
27 10 4 50 27 21 4 47 46 43
38 33 42 44 43 31 41 36 29 10
7 10 26 8 23 38 15 1 24 2
7 33 46 35 24 49 33 23 3 35
28 18 24 39 28 7 47 7 11 23
39 23 27 8 28 8 36 42 44 5
20 44 41 11 34 25 10 27 15 19
12 8 34 45 20 39 33 44 3 50
2 4 7 7 2 3 4 8 3 6 6 9 8 5
19 5 23
2 1 6 32 18 43 37 19 28 39 6 44 24 16 41 15 26 19 28
23 39 22 4 29 29 42 12 21 16 48 17 21 44 26 41 23 17 17
31 34 43 31 40 45 49 22 27 7 47 46 2 2 20 15 14 40 36
10 12 7 32 34 22 27 39 24 23 24 31 30 20 47 24 3 27 2
3 33 21 14 36 43 33 43 9 27 26 10 26 44 43 20 10 9 13
10 39 13 26 40 47 35 34 1 49 7 18 31 27 42 19 16 11 10
42 43 48 3 24 24 20 48 17 5 1 21 8 3 44 4 14 9 15
26 6 18 40 36 10 27 50 3 33 14 11 31 1 10 22 22 44 28
22 44 45 42 30 48 21 42 46 22 45 33 1 36 38 34 13 16 25
11 9 26 3 4 50 37 26 17 30 16 44 4 27 27 29 4 25 14
27 27 47 2 32 15 9 42 42 6 50 5 48 5 23 5 47 3 6
36 12 20 10 31 16 14 44 15 21 39 44 24 46 5 17 50 41 37
33 32 8 8 8 26 16 20 34 12 18 31 28 14 46 32 37 43 29
25 1 10 24 36 40 18 50 7 15 2 17 12 40 37 20 12 13 23
19 3 6 45 47 30 33 48 4 1 6 49 35 1 15 9 38 2 23
43 11 1 8 37 24 8 36 9 41 34 36 46 22 44 15 3 50 42
48 2 20 32 31 4 49 3 28 35 24 47 27 49 41 12 6 13 34
14 32 12 35 8 7 29 10 2 38 10 13 17 46 20 15 31 38 48
21 19 10 5 25 49 1 34 49 32 15 50 4 3 43 26 6 37 40
11 7 2 1 11 19 15 12 16 17
11 6 15
43 15 36 30 22 22 11 10 49 38 10
40 22 14 25 50 23 28 49 24 41 45
24 50 22 1 1 3 25 38 33 25 45
42 33 41 48 36 11 16 16 45 19 14
46 8 40 1 31 30 17 26 17 27 28
28 23 6 34 3 17 17 6 40 28 40
30 23 47 35 35 35 19 36 28 37 16
5 31 48 6 20 32 11 11 21 19 44
22 40 20 50 39 13 15 38 26 10 15
8 47 1 5 44 40 6 6 12 32 45
49 17 45 3 39 9 27 9 6 40 47
5 5 2 10 11 11 10 10 11 4 8 11
8 7 5
18 10 35 13 27 16 14 50
37 7 41 30 38 14 40 40
14 36 41 42 5 39 26 38
27 6 24 34 45 5 26 2
11 9 41 44 6 48 46 2
25 32 47 27 49 36 21 38
10 50 13 6 40 44 25 37
31 38 49 22 25 8 45 37
8 8 2 4 2 1 4 1 5 6 1 3 2 8
12 5 16
15 22 26 8 13 11 34 36 40 27 38 5
27 30 2 9 1 12 35 8 43 33 42 30
37 21 29 17 50 2 15 37 27 49 22 19
37 17 36 30 34 16 28 28 43 17 47 45
25 42 40 22 13 48 7 47 15 30 10 3
50 15 16 50 27 36 14 27 5 1 27 26
31 11 38 37 28 41 10 40 12 12 47 6
7 4 33 18 36 13 4 19 3 38 45 18
48 46 44 41 2 19 44 12 50 46 47 20
47 41 28 37 17 1 19 15 30 11 42 30
42 3 25 36 43 32 8 18 22 3 31 20
36 39 50 42 2 12 8 14 30 13 46 46
9 10 7 1 8 1 8 7 3 5
14 1 25
17 16 24 38 33 33 36 44 46 12 34 25 12 39
29 47 22 47 24 40 36 35 41 24 48 47 24 38
24 41 21 10 40 49 47 37 5 39 1 49 46 26
2 29 37 15 46 33 28 25 19 26 16 38 21 43
30 2 37 30 20 7 1 29 50 35 26 46 37 21
46 18 2 26 8 42 34 26 23 1 39 29 22 6
33 36 1 18 37 6 46 36 32 2 50 35 36 15
15 24 29 35 4 1 4 17 25 27 26 34 41 48
14 20 2 15 11 30 23 31 43 14 26 22 7 14
48 46 4 47 40 4 47 29 15 7 22 11 10 32
17 50 45 36 24 49 1 8 16 30 28 48 30 40
43 44 29 3 25 8 29 39 5 21 50 27 45 49
9 49 12 11 45 23 28 47 42 44 14 7 27 20
43 27 14 41 2 16 49 7 2 37 23 30 39 13
6 14
5 3 4
10 43 38 19 44
4 14 18 4 19
37 17 5 38 49
6 25 27 35 32
24 38 47 47 18
2 5 3 5 1 5
5 2 10
26 43 34 16 28
11 27 10 40 46
8 37 29 23 35
48 36 37 41 20
11 41 1 46 4
4 4 5 5
15 5 27
44 44 29 23 37 8 22 25 13 13 49 24 45 50 1
44 37 24 23 33 13 39 16 23 10 45 46 35 25 6
26 32 13 26 32 27 45 39 50 18 3 46 12 37 27
49 8 37 48 27 37 15 12 26 24 32 46 39 2 11
32 35 23 5 21 49 15 3 40 43 19 46 3 28 17
38 24 35 5 49 21 6 35 34 3 33 25 6 26 45
47 29 34 47 14 43 24 43 2 33 42 26 33 47 45
29 34 33 40 37 25 13 3 45 16 4 19 19 34 25
30 22 27 25 8 27 30 19 31 47 14 1 37 18 26
35 14 42 28 5 21 26 31 36 1 26 29 15 1 43
11 35 34 40 49 35 39 16 34 14 32 19 33 42 31
16 7 13 49 33 47 36 15 48 24 14 33 30 35 24
20 42 44 9 6 20 36 17 19 26 8 31 30 39 46
28 24 37 37 33 5 42 50 26 40 17 8 17 3 47
45 18 47 43 34 7 5 15 29 9 50 25 13 24 30
3 8 5 13 13 13 5 6 3 15
9 1 13
18 25 46 35 9 3 34 25 26
36 2 13 22 23 25 25 21 18
15 46 48 32 21 20 37 21 12
40 1 1 46 50 17 11 3 8
50 25 37 12 50 11 38 32 8
41 19 13 18 9 47 23 14 35
9 15 37 4 44 42 15 25 4
17 38 29 31 21 24 45 31 31
36 7 20 40 7 17 3 43 44
2 9
6 1 12
48 5 30 21 31 34
50 45 22 31 19 29
37 21 2 27 26 4
9 47 31 40 38 14
19 35 38 17 13 31
23 23 45 40 49 43
4 4
10 9 8
44 45 47 35 27 31 5 37 13 17
39 27 14 8 28 37 42 15 30 40
35 15 38 17 2 45 48 20 27 25
23 20 1 15 17 26 14 46 49 5
23 1 9 29 21 1 34 42 36 45
6 4 47 48 18 25 29 25 35 29
41 10 8 1 40 39 27 22 14 36
18 24 33 21 37 29 33 47 12 4
30 20 15 21 14 31 21 48 37 31
3 22 46 38 32 23 17 40 43 20
3 4 8 10 9 2 3 10 2 9 5 10 2 2 6 9 8 5
15 3 13
36 17 25 13 34 6 48 47 17 30 47 3 34 43 21
12 10 44 35 42 30 41 13 16 45 27 2 12 11 17
8 2 36 18 25 2 1 3 12 15 13 4 41 17 33
32 27 2 42 33 42 8 46 40 23 38 16 11 40 16
5 5 41 29 24 3 24 42 11 28 48 41 10 13 13
47 31 34 20 43 33 32 2 32 34 25 36 19 27 13
40 19 50 39 6 25 20 2 41 4 7 2 7 10 41
2 19 12 4 40 15 33 47 10 30 45 4 24 49 20
30 16 47 33 23 25 40 21 31 5 41 16 37 5 30
3 13 17 46 7 26 41 23 34 26 19 37 24 7 40
36 43 34 37 3 41 6 44 15 42 32 1 27 39 14
15 41 18 23 3 21 8 2 23 44 11 41 33 14 21
20 3 16 34 16 48 43 40 32 8 36 30 18 48 41
35 42 21 17 37 39 16 3 30 49 22 27 30 11 32
36 7 16 22 41 34 22 24 46 38 27 22 45 35 35
2 9 9 5 3 14
16 4 32
32 41 9 42 18 6 10 21 6 18 35 3 1 30 5 4
23 41 35 3 27 46 35 34 18 2 31 15 44 6 41 35
43 1 13 22 24 48 11 46 34 10 48 42 25 3 29 8
37 30 39 21 4 11 47 19 11 34 13 16 40 26 10 13
22 39 30 3 11 24 27 8 43 8 38 27 24 30 36 39
21 7 23 42 3 50 30 24 19 42 33 9 19 44 8 27
7 47 33 6 37 12 7 44 45 45 50 13 12 41 16 38
27 20 20 47 1 30 4 13 30 30 2 6 9 33 24 37
27 18 11 39 33 4 50 21 21 20 10 49 19 50 11 44
35 46 23 48 42 48 11 15 42 32 2 29 11 47 17 50
26 2 37 33 45 27 5 11 43 26 6 8 13 42 27 17
10 44 18 46 48 47 48 32 48 47 12 26 13 19 26 41
33 13 2 5 30 24 14 26 28 3 6 24 35 13 33 14
24 30 15 32 5 13 24 41 24 25 29 16 34 49 10 33
7 44 25 28 20 40 23 29 33 36 15 18 43 24 24 14
6 23 40 9 5 17 13 7 4 27 34 23 47 39 27 12
13 3 1 8 6 9 16 1
12 4 18
48 47 30 16 11 23 10 10 22 11 25 46
36 23 23 21 26 11 29 25 9 45 48 30
22 41 12 39 4 50 3 29 17 16 8 1
39 31 32 15 16 40 9 45 37 43 13 43
19 46 47 45 36 4 25 4 47 36 42 34
42 30 50 45 27 16 46 6 47 23 40 21
16 39 13 36 30 6 7 4 11 36 36 21
34 31 28 49 30 46 43 10 5 20 47 40
18 46 29 10 36 9 39 39 22 44 19 36
25 33 31 21 49 29 50 35 37 50 29 12
29 27 38 7 27 40 9 39 49 41 2 13
42 14 10 16 44 44 41 36 49 30 33 24
10 7 11 7 6 4 3 4
18 10 12
13 24 17 37 41 35 50 25 46 1 14 4 31 22 20 23 41 10
28 18 27 36 11 12 27 40 44 4 30 44 15 44 20 49 40 43
20 9 14 8 26 13 5 50 28 41 18 48 15 20 35 40 33 25
12 2 31 33 37 28 6 29 11 44 35 33 10 28 27 1 35 44
44 1 19 22 21 42 48 21 49 6 16 17 23 17 11 11 41 38
15 10 50 19 41 43 32 27 29 10 4 46 24 4 22 7 14 40
49 2 10 20 50 45 4 16 34 39 1 44 8 42 4 11 1 32
39 12 9 19 20 13 23 33 7 40 23 3 22 39 6 2 22 19
17 31 12 12 33 45 17 29 48 7 5 30 23 19 9 20 22 6
20 23 22 25 4 11 11 37 25 3 19 4 27 22 14 28 17 41
14 11 30 50 49 16 21 27 4 1 15 27 31 50 16 22 42 16
22 46 49 17 37 20 25 20 10 8 36 50 45 49 41 28 2 26
20 33 7 43 5 35 38 16 11 22 46 39 24 38 38 39 45 1
28 30 47 8 43 11 30 3 15 42 35 16 33 11 47 50 32 24
6 45 18 39 43 12 31 44 7 37 42 37 8 47 35 35 35 29
48 47 10 34 46 24 49 33 34 21 37 36 25 8 9 23 31 16
27 29 44 34 3 46 48 40 3 12 42 27 11 33 37 27 11 45
26 5 18 15 10 43 14 46 30 12 32 44 15 3 47 14 42 3
17 7 12 15 4 12 9 2 10 7 4 14 18 2 8 6 7 15 12 18
14 5 11
4 48 42 47 37 41 45 42 1 35 40 5 28 24
30 44 4 27 19 26 11 13 29 3 7 45 9 41
36 19 32 38 49 23 29 20 5 44 15 37 49 45
37 35 25 25 48 22 18 43 26 9 27 30 26 44
19 16 43 20 48 13 46 3 11 2 23 25 36 10
42 14 35 41 26 13 1 7 7 46 46 13 8 4
27 17 39 50 39 9 9 49 9 39 15 23 31 39
36 29 23 29 24 9 43 19 16 24 33 50 1 42
31 14 12 40 26 7 45 35 3 39 5 7 19 22
36 23 35 6 27 7 40 11 36 32 18 14 42 24
40 48 8 37 28 3 8 29 45 46 39 32 41 49
11 27 6 18 39 19 2 11 22 46 35 50 22 18
37 32 13 39 29 37 13 32 5 5 18 16 49 46
31 23 16 6 40 21 31 9 22 35 43 37 13 32
3 8 2 4 3 6 4 11 7 8
13 1 6
14 10 16 50 40 21 43 15 13 41 29 19 31
33 49 27 16 20 16 25 6 11 50 5 25 22
6 1 45 2 9 49 25 19 27 13 33 29 7
6 42 35 11 8 23 16 37 41 20 23 13 44
3 25 11 49 19 30 45 11 27 41 17 6 39
37 19 9 9 11 25 3 27 20 38 49 7 26
21 35 34 2 19 12 3 50 33 1 36 50 23
19 37 32 31 2 6 33 19 35 40 38 4 18
32 29 11 46 16 1 32 4 22 43 29 10 8
7 12 41 27 9 4 27 27 16 42 11 24 12
6 41 4 9 39 10 39 19 15 35 50 12 50
17 13 1 1 28 7 37 35 22 14 14 4 36
2 19 41 46 8 21 37 23 6 13 21 37 33
4 5
13 6 20
1 37 35 19 24 23 36 16 4 49 27 45 47
43 37 4 9 19 49 40 31 48 1 20 35 5
8 16 32 4 4 40 25 13 21 27 32 25 42
8 29 10 36 36 35 7 2 35 18 41 2 32
48 7 23 7 44 9 4 14 3 12 5 36 31
38 44 46 26 30 12 21 33 37 14 41 37 37
14 29 29 50 34 14 1 1 44 36 41 50 2
16 25 2 45 47 9 3 46 12 19 47 24 15
4 31 22 50 30 37 40 16 33 47 22 21 18
24 10 38 7 2 29 4 22 47 8 43 14 9
12 39 37 49 7 36 8 23 19 9 37 18 46
17 41 3 23 25 30 21 10 12 48 33 33 10
28 46 13 16 6 35 38 37 9 31 33 44 18
8 4 10 1 2 3 3 13 11 12 3 5
16 9 9
16 35 28 35 32 2 45 46 37 1 43 45 42 41 7 15
4 2 24 14 4 45 31 4 36 45 48 16 17 47 9 22
20 15 29 1 1 37 38 17 29 22 25 27 21 17 3 7
2 49 22 31 41 29 12 41 16 7 5 9 17 28 45 1
8 33 32 18 36 38 40 42 20 15 48 8 43 49 11 43
42 9 40 45 47 1 11 7 39 6 42 42 37 36 19 34
30 26 1 9 15 37 14 31 28 40 37 28 17 16 38 48
34 2 42 49 26 25 10 41 22 8 16 5 14 24 49 28
9 42 12 8 6 31 4 22 5 32 6 26 36 7 45 15
7 23 36 34 19 41 27 43 20 17 45 9 3 27 21 8
21 37 22 26 13 6 12 23 11 36 39 44 43 3 21 5
27 47 45 46 34 35 43 1 26 42 41 9 36 49 7 49
32 14 43 24 19 1 48 31 25 3 2 25 39 4 16 18
34 17 50 30 19 8 14 42 27 8 30 48 46 45 22 11
29 18 5 21 49 31 34 49 16 36 6 18 46 13 6 31
2 3 20 13 47 46 8 25 19 32 8 36 19 49 12 21
2 4 14 8 6 11 1 8 8 16 1 16 7 11 2 11 16 11
6 6 3
50 49 22 2 48 32
43 35 35 45 28 33
34 19 49 46 2 5
36 6 39 28 2 34
18 2 1 15 3 22
2 42 41 17 32 40
4 4 6 4 1 4 4 5 6 3 3 5
17 7 24
35 14 20 31 23 23 39 12 43 37 23 15 4 8 37 2 23
10 24 35 47 36 47 19 25 46 41 30 29 32 2 41 33 46
8 41 27 2 47 38 35 24 20 22 27 4 4 46 20 10 18
50 32 22 14 39 15 37 37 3 1 36 33 36 23 35 10 42
42 48 36 29 27 46 36 36 34 43 14 10 26 40 43 50 28
46 1 15 27 2 50 33 49 15 50 16 47 22 47 32 8 36
39 33 11 35 17 41 31 32 21 19 28 44 43 23 9 45 37
49 41 49 30 21 22 8 32 47 9 10 19 39 45 20 26 11
48 13 14 27 22 47 50 10 40 3 1 36 39 48 2 45 1
25 35 28 50 16 29 34 6 50 2 27 11 29 24 49 33 33
19 30 44 17 28 40 1 47 6 21 31 10 27 49 32 48 8
8 44 45 14 8 2 33 8 10 7 43 3 16 8 8 6 9
6 13 35 20 40 37 43 32 37 12 40 38 18 12 13 2 45
22 45 37 43 13 30 23 5 31 30 24 3 34 13 5 14 48
31 48 50 11 8 46 29 33 2 44 1 8 14 6 26 2 10
24 44 19 16 3 8 21 15 14 17 38 26 40 45 23 45 35
15 15 8 39 38 40 36 10 19 40 39 29 23 24 48 42 29
1 5 11 13 12 16 4 12 8 12 13 15 10 3
0 0 0
