100
731.06 108.40 846.53 626.01 227.13
693.75 0.59 486.62 492.38 746.73
304.10 86.23 501.61 525.44 128.05
56.83 155.57 277.29 492.22 130.22
539.24 64.53 802.73 36.53 725.83
668.76 87.59 254.63 248.18 34.90
928.30 298.76 837.16 521.15 603.32
464.62 681.23 40.15 780.76 145.21
715.83 259.66 272.87 159.88 319.10
794.05 42.45 152.13 178.41 724.47
482.30 113.51 768.45 603.75 364.08
580.38 756.75 230.78 956.17 424.83
691.28 585.45 696.78 598.32 523.16
904.88 94.88 992.24 980.89 737.54
565.71 858.26 769.90 37.30 993.41
434.20 801.69 320.70 451.24 297.37
712.99 696.25 786.00 409.03 210.93
366.93 434.09 385.72 473.23 98.97
731.07 192.40 873.72 361.35 715.17
359.84 739.22 836.95 194.51 0.45
460.12 956.81 817.78 718.09 772.16
706.62 726.29 748.71 201.56 658.39
502.89 450.04 673.81 322.90 402.34
770.73 32.12 662.23 751.90 534.47
900.97 43.45 269.61 271.29 268.39
279.73 187.99 828.45 581.26 750.79
198.13 338.77 668.56 14.92 123.85
763.12 568.70 256.12 186.51 225.88
892.16 312.77 958.48 412.99 339.96
893.57 178.90 956.90 823.82 419.26
971.75 476.28 197.36 517.36 300.44
792.77 984.94 590.88 241.62 101.59
668.43 200.85 315.30 876.33 548.95
413.30 923.84 885.22 858.33 771.21
730.40 299.12 13.06 989.74 462.70
951.54 936.11 676.94 468.34 484.15
678.28 623.28 427.25 340.62 87.37
195.74 403.14 960.89 664.81 594.82
808.71 559.52 812.94 809.63 546.97
433.93 433.85 154.35 823.83 326.19
789.41 204.04 337.40 148.88 437.97
303.45 968.42 193.52 649.33 853.87
239.64 915.89 673.61 821.21 95.50
133.37 240.38 344.01 459.47 805.10
78.61 9.47 765.82 159.25 900.17
775.40 780.80 440.91 992.93 389.64
295.53 889.20 343.10 796.08 352.65
252.58 838.59 71.25 855.72 523.02
729.80 766.36 567.59 937.17 372.13
736.31 348.55 873.42 416.70 259.80
362.93 601.55 819.37 836.59 860.18
71.45 468.68 30.72 988.19 696.59
971.90 931.23 765.31 610.77 725.04
195.65 913.27 921.66 825.47 130.06
863.48 512.55 524.03 458.49 547.46
64.18 116.34 377.34 115.70 131.07
687.86 560.14 644.34 712.56 484.92
119.84 332.14 149.92 441.23 940.03
480.50 994.42 679.93 36.02 170.19
714.16 915.15 602.41 402.79 147.53
451.64 337.66 340.12 163.41 883.77
640.23 1.52 943.60 818.29 988.18
414.97 389.56 851.27 335.01 59.81
15.21 875.74 8.73 942.34 398.93
397.59 860.46 570.49 48.94 223.74
957.59 488.63 716.22 433.74 787.59
464.74 848.05 175.98 179.06 200.66
802.83 307.49 347.35 36.65 863.96
653.22 624.48 615.73 242.18 263.99
310.49 802.26 142.77 543.99 952.33
368.63 193.17 156.07 898.44 363.78
354.98 312.79 75.26 549.06 695.18
726.05 174.88 491.74 851.69 822.52
923.13 285.58 273.39 58.93 675.18
161.04 422.04 642.38 382.40 512.61
7.96 67.19 392.31 178.06 30.47
267.71 460.88 194.20 350.84 377.30
827.61 20.16 165.37 96.20 182.50
905.31 12.72 182.52 280.73 201.58
635.55 997.53 810.18 766.23 195.48
125.74 718.19 67.66 266.83 985.99
862.98 728.08 201.99 881.98 146.50
84.21 420.64 267.49 832.66 478.74
164.26 411.39 756.61 941.49 543.19
650.49 322.78 218.93 429.96 727.13
254.31 811.25 287.33 399.32 706.33
281.69 401.41 411.31 837.48 205.34
742.66 613.79 482.02 570.69 43.74
830.49 231.61 874.43 176.41 155.33
833.84 251.89 985.19 62.62 442.16
396.38 856.60 180.97 740.07 919.30
704.98 267.87 623.82 663.81 542.71
611.41 799.58 830.76 152.43 519.63
421.27 590.80 168.05 156.53 458.29
226.62 148.53 822.79 847.78 764.60
443.80 135.88 775.37 24.49 844.20
11.92 341.91 104.24 955.95 407.90
900.61 958.81 869.51 380.40 415.38
178.68 5.99 594.34 676.67 93.13
949.42 739.37 276.52 783.58 55.33
